time,motor_angle,motor_velocity,ball_distance,ball_velocity
3375.000000,0.000000,0.000000,62.530000,2.890000
3381.000000,0.000000,0.000000,62.530000,-0.350000
3387.000000,0.000000,0.000000,62.540000,1.720000
3393.000000,0.000000,0.000000,62.540000,0.370000
3399.000000,0.000000,0.000000,62.550000,0.970000
3405.000000,0.000000,0.000000,62.550000,1.110000
3411.000000,0.000000,0.000000,62.630000,12.220000
3417.000000,0.000000,0.000000,62.740000,18.770000
3423.000000,0.000000,0.000000,62.770000,5.350000
3429.000000,0.000000,0.000000,62.790000,3.280000
3435.000000,0.000000,0.000000,62.800000,0.960000
3441.000000,0.000000,0.000000,62.800000,0.430000
3447.000000,0.000000,0.000000,62.810000,2.350000
3453.000000,0.000000,0.000000,62.820000,0.540000
3459.000000,0.000000,0.000000,62.820000,0.440000
3465.000000,0.000000,0.000000,62.840000,2.680000
3471.000000,0.000000,0.000000,62.850000,1.810000
3477.000000,0.000000,0.000000,62.920000,11.780000
3483.000000,0.000000,0.000000,62.920000,-0.240000
3489.000000,0.000000,0.000000,62.930000,2.140000
3495.000000,0.000000,0.000000,62.930000,0.050000
3501.000000,0.000000,0.000000,62.950000,3.040000
3507.000000,0.000000,0.000000,62.970000,3.760000
3513.000000,0.000000,0.000000,62.990000,3.010000
3519.000000,0.000000,0.000000,63.010000,3.410000
3525.000000,0.000000,0.000000,63.020000,2.060000
3531.000000,0.000000,0.000000,63.040000,3.310000
3537.000000,0.000000,0.000000,63.110000,11.650000
3543.000000,0.000000,0.000000,63.120000,0.990000
3549.000000,0.000000,0.000000,63.070000,-7.880000
3555.000000,0.000000,0.000000,63.030000,-5.970000
3561.000000,0.000000,0.000000,63.010000,-3.440000
3567.000000,0.000000,0.000000,63.000000,-2.420000
3573.000000,0.000000,0.000000,62.990000,-1.600000
3579.000000,0.000000,0.000000,63.000000,1.380000
3585.000000,0.000000,0.000000,62.990000,-0.890000
3591.000000,0.000000,0.000000,62.980000,-2.710000
3597.000000,0.000000,0.000000,63.030000,9.160000
3603.000000,0.000000,0.000000,63.020000,-2.340000
3609.000000,0.000000,0.000000,62.990000,-4.200000
3615.000000,0.000000,0.000000,62.960000,-4.700000
3621.000000,0.000000,0.000000,62.940000,-3.760000
3627.000000,0.000000,0.000000,62.930000,-1.010000
3633.000000,0.000000,0.000000,62.920000,-1.800000
3639.000000,0.000000,0.000000,62.910000,-1.440000
3645.000000,0.000000,0.000000,62.910000,-0.820000
3651.000000,0.000000,0.000000,62.900000,-1.990000
3657.000000,0.000000,0.000000,62.890000,-0.930000
3663.000000,0.000000,0.000000,62.900000,0.930000
3669.000000,0.000000,0.000000,62.830000,-10.590000
3675.000000,0.000000,0.000000,62.800000,-6.470000
3681.000000,0.000000,0.000000,62.770000,-4.510000
3687.000000,0.000000,0.000000,62.730000,-5.940000
3693.000000,0.000000,0.000000,62.710000,-3.750000
3699.000000,0.000000,0.000000,62.680000,-4.670000
3705.000000,0.000000,0.000000,62.660000,-3.740000
3711.000000,0.000000,0.000000,62.640000,-3.660000
3717.000000,0.000000,0.000000,62.690000,8.080000
3723.000000,0.000000,0.000000,62.720000,5.790000
3729.000000,0.000000,0.000000,62.730000,1.640000
3735.000000,0.000000,0.000000,62.740000,1.970000
3741.000000,0.000000,0.000000,62.750000,1.910000
3747.000000,0.000000,0.000000,62.770000,2.200000
3753.000000,0.000000,0.000000,62.770000,1.090000
3759.000000,0.000000,0.000000,62.780000,0.870000
3765.000000,0.000000,0.000000,62.780000,-0.300000
3771.000000,0.000000,0.000000,62.770000,-1.580000
3777.000000,0.000000,0.000000,62.750000,-2.260000
3783.000000,0.000000,0.000000,62.800000,6.860000
3789.000000,0.000000,0.000000,62.760000,-6.180000
3795.000000,0.000000,0.000000,62.730000,-5.280000
3801.000000,0.000000,0.000000,62.710000,-2.890000
3807.000000,0.000000,0.000000,62.680000,-4.980000
3813.000000,0.000000,0.000000,62.640000,-6.320000
3819.000000,0.000000,0.000000,62.600000,-6.390000
3825.000000,0.000000,0.000000,62.570000,-4.770000
3831.000000,0.000000,0.000000,62.550000,-3.820000
3837.000000,0.000000,0.000000,62.550000,-0.720000
3843.000000,0.000000,0.000000,62.600000,9.420000
3849.000000,0.000000,0.000000,62.630000,4.870000
3855.000000,0.000000,0.000000,62.670000,6.230000
3861.000000,0.000000,0.000000,62.720000,7.980000
3867.000000,0.000000,0.000000,62.740000,4.050000
3873.000000,0.000000,0.000000,62.750000,0.910000
3879.000000,0.000000,0.000000,62.750000,0.390000
3885.000000,0.000000,0.000000,62.760000,2.320000
3891.000000,0.000000,0.000000,62.770000,0.520000
3897.000000,0.000000,0.000000,62.770000,0.420000
3903.000000,0.000000,0.000000,62.840000,11.000000
3909.000000,0.000000,0.000000,62.810000,-3.530000
3915.000000,0.000000,0.000000,62.740000,-12.830000
3921.000000,0.000000,0.000000,62.680000,-10.260000
3927.000000,0.000000,0.000000,62.620000,-9.540000
3933.000000,0.000000,0.000000,62.590000,-5.300000
3939.000000,0.000000,0.000000,62.580000,-1.910000
3945.000000,0.000000,0.000000,62.580000,0.810000
3951.000000,0.000000,0.000000,62.580000,-0.350000
3957.000000,0.000000,0.000000,62.560000,-2.280000
3963.000000,0.000000,0.000000,62.620000,8.840000
3969.000000,0.000000,0.000000,62.640000,4.400000
3975.000000,0.000000,0.000000,62.590000,-8.480000
3981.000000,0.000000,0.000000,62.560000,-5.110000
3987.000000,0.000000,0.000000,62.530000,-6.090000
3993.000000,0.000000,0.000000,62.500000,-4.210000
3999.000000,0.000000,0.000000,62.480000,-4.030000
4005.000000,0.000000,0.000000,62.460000,-3.230000
4011.000000,0.000000,0.000000,62.430000,-3.910000
4017.000000,0.000000,0.000000,62.420000,-3.130000
4023.000000,0.000000,0.000000,62.450000,6.160000
4029.000000,0.000000,0.000000,62.480000,5.260000
4035.000000,0.000000,0.000000,62.440000,-7.120000
4041.000000,0.000000,0.000000,62.400000,-7.360000
4047.000000,0.000000,0.000000,62.350000,-7.230000
4053.000000,0.000000,0.000000,62.320000,-6.110000
4059.000000,0.000000,0.000000,62.290000,-4.560000
4065.000000,0.000000,0.000000,62.250000,-6.650000
4071.000000,0.000000,0.000000,62.220000,-5.320000
4077.000000,0.000000,0.000000,62.180000,-6.920000
4083.000000,0.000000,0.000000,62.200000,3.460000
4089.000000,0.000000,0.000000,62.190000,-0.560000
4095.000000,0.000000,0.000000,62.120000,-11.780000
4101.000000,0.000000,0.000000,61.980000,-23.090000
4107.000000,0.000000,0.000000,61.860000,-20.470000
4113.000000,0.000000,0.000000,61.760000,-16.380000
4119.000000,0.000000,0.000000,61.680000,-13.770000
4125.000000,0.000000,0.000000,61.610000,-11.680000
4131.000000,0.000000,0.000000,61.540000,-11.680000
4137.000000,0.000000,0.000000,61.480000,-10.010000
4143.000000,0.000000,0.000000,61.480000,0.320000
4149.000000,0.000000,0.000000,61.540000,8.930000
4155.000000,0.000000,0.000000,61.500000,-5.530000
4161.000000,0.000000,0.000000,61.460000,-6.420000
4167.000000,0.000000,0.000000,61.440000,-3.470000
4173.000000,0.000000,0.000000,61.420000,-3.780000
4179.000000,0.000000,0.000000,61.390000,-5.690000
4185.000000,0.000000,0.000000,61.370000,-2.550000
4191.000000,0.000000,0.000000,61.370000,-0.710000
4197.000000,0.000000,0.000000,61.360000,-1.900000
4203.000000,0.000000,0.000000,61.400000,7.150000
4209.000000,0.000000,0.000000,61.440000,7.390000
4215.000000,0.000000,0.000000,61.480000,6.570000
4221.000000,0.000000,0.000000,61.440000,-7.740000
4227.000000,0.000000,0.000000,61.390000,-8.190000
4233.000000,0.000000,0.000000,61.350000,-6.550000
4239.000000,0.000000,0.000000,61.310000,-5.910000
4245.000000,0.000000,0.000000,61.280000,-6.060000
4251.000000,0.000000,0.000000,61.240000,-5.520000
4257.000000,0.000000,0.000000,61.210000,-5.740000
4263.000000,0.000000,0.000000,61.170000,-5.600000
4269.000000,0.000000,0.000000,61.200000,4.190000
4275.000000,0.000000,0.000000,61.200000,0.350000
4281.000000,0.000000,0.000000,61.200000,-0.050000
4287.000000,0.000000,0.000000,61.140000,-10.380000
4293.000000,0.000000,0.000000,61.090000,-8.970000
4299.000000,0.000000,0.000000,61.050000,-6.510000
4305.000000,0.000000,0.000000,61.010000,-5.870000
4311.000000,0.000000,0.000000,60.970000,-7.030000
4317.000000,0.000000,0.000000,60.920000,-7.290000
4323.000000,0.000000,0.000000,60.880000,-6.830000
4329.000000,0.000000,0.000000,60.850000,-5.470000
4335.000000,0.000000,0.000000,60.810000,-7.040000
4341.000000,0.000000,0.000000,60.710000,-15.970000
4347.000000,0.000000,0.000000,60.560000,-26.100000
4353.000000,0.000000,0.000000,60.420000,-22.550000
4359.000000,0.000000,0.000000,60.310000,-18.370000
4365.000000,0.000000,0.000000,60.230000,-13.700000
4371.000000,0.000000,0.000000,60.170000,-9.630000
4377.000000,0.000000,0.000000,60.140000,-5.370000
4383.000000,0.000000,0.000000,60.120000,-2.630000
4389.000000,0.000000,0.000000,60.160000,6.560000
4395.000000,0.000000,0.000000,60.180000,2.920000
4401.000000,0.000000,0.000000,60.180000,-0.670000
4407.000000,0.000000,0.000000,60.110000,-10.870000
4413.000000,0.000000,0.000000,60.070000,-6.360000
4419.000000,0.000000,0.000000,60.040000,-4.750000
4425.000000,0.000000,0.000000,60.030000,-2.140000
4431.000000,0.000000,0.000000,60.010000,-3.040000
4437.000000,0.000000,0.000000,59.980000,-5.100000
4443.000000,0.000000,0.000000,59.950000,-5.080000
4449.000000,0.000000,0.000000,59.930000,-4.400000
4455.000000,0.000000,0.000000,59.880000,-6.850000
4461.000000,0.000000,0.000000,59.840000,-7.820000
4467.000000,0.000000,0.000000,59.740000,-16.590000
4473.000000,0.000000,0.000000,59.650000,-14.270000
4479.000000,0.000000,0.000000,59.590000,-10.080000
4485.000000,0.000000,0.000000,59.540000,-8.060000
4491.000000,0.000000,0.000000,59.500000,-7.450000
4497.000000,0.000000,0.000000,59.460000,-5.960000
4503.000000,0.000000,0.000000,59.430000,-4.770000
4509.000000,0.000000,0.000000,59.470000,6.180000
4515.000000,0.000000,0.000000,59.570000,16.280000
4521.000000,0.000000,0.000000,59.650000,12.690000
4527.000000,0.000000,0.000000,59.650000,0.150000
4533.000000,0.000000,0.000000,59.570000,-12.210000
4539.000000,0.000000,0.000000,59.510000,-9.770000
4545.000000,0.000000,0.000000,59.460000,-8.480000
4551.000000,0.000000,0.000000,59.420000,-7.120000
4557.000000,0.000000,0.000000,59.390000,-5.030000
4563.000000,0.000000,0.000000,59.350000,-6.020000
4569.000000,0.000000,0.000000,59.330000,-4.820000
4575.000000,0.000000,0.000000,59.370000,6.810000
4581.000000,0.000000,0.000000,59.390000,3.120000
4587.000000,0.000000,0.000000,59.400000,1.830000
4593.000000,0.000000,0.000000,59.390000,-0.870000
4599.000000,0.000000,0.000000,59.390000,0.640000
4605.000000,0.000000,0.000000,59.400000,0.510000
4611.000000,0.000000,0.000000,59.400000,-0.260000
4617.000000,0.000000,0.000000,59.390000,-0.210000
4623.000000,0.000000,0.000000,59.410000,1.830000
4629.000000,0.000000,0.000000,59.410000,0.130000
4635.000000,0.000000,0.000000,59.470000,10.440000
4641.000000,0.000000,0.000000,59.520000,7.690000
4647.000000,0.000000,0.000000,59.550000,6.150000
4653.000000,0.000000,0.000000,59.520000,-5.750000
4659.000000,0.000000,0.000000,59.480000,-5.600000
4665.000000,0.000000,0.000000,59.460000,-4.810000
4671.000000,0.000000,0.000000,59.420000,-5.180000
4677.000000,0.000000,0.000000,59.400000,-3.480000
4683.000000,0.000000,0.000000,59.400000,-0.780000
4689.000000,0.000000,0.000000,59.400000,0.040000
4695.000000,0.000000,0.000000,59.480000,12.700000
4701.000000,0.000000,0.000000,59.610000,22.830000
4707.000000,0.000000,0.000000,59.720000,18.260000
4713.000000,0.000000,0.000000,59.810000,14.610000
4719.000000,0.000000,0.000000,59.820000,1.020000
4725.000000,0.000000,0.000000,59.840000,3.480000
4731.000000,0.000000,0.000000,59.870000,4.790000
4737.000000,0.000000,0.000000,59.900000,6.160000
4743.000000,0.000000,0.000000,59.950000,7.260000
4749.000000,0.000000,0.000000,59.980000,5.480000
4755.000000,0.000000,0.000000,60.070000,16.050000
4761.000000,0.000000,0.000000,60.150000,12.840000
4767.000000,0.000000,0.000000,60.200000,8.270000
4773.000000,0.000000,0.000000,60.180000,-3.720000
4779.000000,0.000000,0.000000,60.100000,-12.970000
4785.000000,0.000000,0.000000,60.040000,-11.040000
4791.000000,0.000000,0.000000,59.980000,-9.840000
4797.000000,0.000000,0.000000,59.920000,-9.540000
4803.000000,0.000000,0.000000,59.890000,-5.630000
4809.000000,0.000000,0.000000,59.860000,-3.840000
4815.000000,0.000000,0.000000,59.850000,-2.740000
4821.000000,0.000000,0.000000,59.910000,10.480000
4827.000000,0.000000,0.000000,59.970000,10.050000
4833.000000,0.000000,0.000000,60.020000,8.040000
4839.000000,0.000000,0.000000,60.000000,-3.230000
4845.000000,0.000000,0.000000,59.980000,-2.260000
4851.000000,0.000000,0.000000,59.980000,-1.140000
4857.000000,0.000000,0.000000,59.970000,-0.910000
4863.000000,0.000000,0.000000,59.970000,-1.060000
4869.000000,0.000000,0.000000,59.970000,0.820000
4875.000000,0.000000,0.000000,59.990000,2.650000
4881.000000,0.000000,0.000000,60.010000,3.460000
4887.000000,0.000000,0.000000,60.090000,13.100000
4893.000000,0.000000,0.000000,60.150000,10.150000
4899.000000,0.000000,0.000000,60.130000,-3.220000
4905.000000,0.000000,0.000000,60.120000,-1.910000
4911.000000,0.000000,0.000000,60.120000,1.470000
4917.000000,0.000000,0.000000,60.140000,2.850000
4923.000000,0.000000,0.000000,60.170000,4.610000
4929.000000,0.000000,0.000000,60.190000,3.690000
4935.000000,0.000000,0.000000,60.210000,2.950000
4941.000000,0.000000,0.000000,60.300000,14.690000
4947.000000,0.000000,0.000000,60.440000,24.090000
4953.000000,0.000000,0.000000,60.550000,18.600000
4959.000000,0.000000,0.000000,60.580000,5.220000
4965.000000,0.000000,0.000000,60.540000,-7.830000
4971.000000,0.000000,0.000000,60.490000,-8.260000
4977.000000,0.000000,0.000000,60.430000,-9.280000
4983.000000,0.000000,0.000000,60.390000,-7.090000
4989.000000,0.000000,0.000000,60.360000,-4.670000
4995.000000,0.000000,0.000000,60.340000,-3.400000
5001.000000,0.000000,0.000000,60.330000,-2.720000
5007.000000,0.000000,0.000000,60.390000,10.160000
5013.000000,0.000000,0.000000,60.430000,6.790000
5019.000000,0.000000,0.000000,60.390000,-5.900000
5025.000000,0.000000,0.000000,60.350000,-6.720000
5031.000000,0.000000,0.000000,60.320000,-5.710000
5037.000000,0.000000,0.000000,60.300000,-2.900000
5043.000000,0.000000,0.000000,60.280000,-2.990000
5049.000000,0.000000,0.000000,60.260000,-3.390000
5055.000000,0.000000,0.000000,60.240000,-3.050000
5061.000000,0.000000,0.000000,60.220000,-3.440000
5067.000000,0.000000,0.000000,60.260000,6.250000
5073.000000,0.000000,0.000000,60.280000,4.000000
5079.000000,0.000000,0.000000,60.300000,2.200000
5085.000000,0.000000,0.000000,60.230000,-10.570000
5091.000000,0.000000,0.000000,60.180000,-8.790000
5097.000000,0.000000,0.000000,60.140000,-7.370000
5103.000000,0.000000,0.000000,60.080000,-8.890000
5109.000000,0.000000,0.000000,60.030000,-8.120000
5115.000000,0.000000,0.000000,59.980000,-8.830000
5121.000000,0.000000,0.000000,59.940000,-6.390000
5127.000000,0.000000,0.000000,59.970000,4.890000
5133.000000,0.000000,0.000000,60.060000,14.910000
5139.000000,0.000000,0.000000,60.120000,9.590000
5145.000000,0.000000,0.000000,60.150000,4.670000
5151.000000,0.000000,0.000000,60.170000,4.070000
5157.000000,0.000000,0.000000,60.180000,1.590000
5163.000000,0.000000,0.000000,60.180000,-0.060000
5169.000000,0.000000,0.000000,60.180000,-1.050000
5175.000000,0.000000,0.000000,60.170000,-0.510000
5181.000000,0.000000,0.000000,60.170000,-1.070000
5187.000000,0.000000,0.000000,60.160000,-1.520000
5193.000000,0.000000,0.000000,60.150000,-1.220000
5199.000000,0.000000,0.000000,60.130000,-2.970000
5205.000000,0.000000,0.000000,60.050000,-13.050000
5211.000000,0.000000,0.000000,59.930000,-21.100000
5217.000000,0.000000,0.000000,59.820000,-17.880000
5223.000000,0.000000,0.000000,59.710000,-17.640000
5229.000000,0.000000,0.000000,59.640000,-12.780000
5235.000000,0.000000,0.000000,59.580000,-10.220000
5241.000000,0.000000,0.000000,59.530000,-6.840000
5247.000000,0.000000,0.000000,59.500000,-5.480000
5253.000000,0.000000,0.000000,59.530000,4.950000
5259.000000,0.000000,0.000000,59.550000,3.300000
5265.000000,0.000000,0.000000,59.560000,2.300000
5271.000000,0.000000,0.000000,59.520000,-7.820000
5277.000000,0.000000,0.000000,59.490000,-4.930000
5283.000000,0.000000,0.000000,59.450000,-6.610000
5289.000000,0.000000,0.000000,59.420000,-4.620000
5295.000000,0.000000,0.000000,59.380000,-6.700000
5301.000000,0.000000,0.000000,59.330000,-7.690000
5307.000000,0.000000,0.000000,59.300000,-5.490000
5313.000000,0.000000,0.000000,59.270000,-5.720000
5319.000000,0.000000,0.000000,59.310000,6.420000
5325.000000,0.000000,0.000000,59.330000,3.470000
5331.000000,0.000000,0.000000,59.270000,-9.560000
5337.000000,0.000000,0.000000,59.210000,-10.310000
5343.000000,0.000000,0.000000,59.150000,-9.580000
5349.000000,0.000000,0.000000,59.100000,-7.670000
5355.000000,0.000000,0.000000,59.070000,-6.470000
5361.000000,0.000000,0.000000,59.030000,-6.170000
5367.000000,0.000000,0.000000,59.000000,-5.270000
5373.000000,0.000000,0.000000,59.030000,5.120000
5379.000000,0.000000,0.000000,59.110000,13.090000
5385.000000,0.000000,0.000000,59.160000,9.140000
5391.000000,0.000000,0.000000,59.140000,-3.020000
5397.000000,0.000000,0.000000,59.130000,-1.750000
5403.000000,0.000000,0.000000,59.110000,-4.070000
5409.000000,0.000000,0.000000,59.070000,-5.920000
5415.000000,0.000000,0.000000,59.030000,-7.400000
5421.000000,0.000000,0.000000,58.980000,-7.590000
5427.000000,0.000000,0.000000,58.930000,-8.070000
5433.000000,0.000000,0.000000,58.890000,-7.460000
5439.000000,0.000000,0.000000,58.910000,3.700000
5445.000000,0.000000,0.000000,58.920000,2.290000
5451.000000,0.000000,0.000000,58.870000,-8.500000
5457.000000,0.000000,0.000000,58.770000,-16.800000
5463.000000,0.000000,0.000000,58.700000,-12.770000
5469.000000,0.000000,0.000000,58.620000,-12.220000
5475.000000,0.000000,0.000000,58.560000,-10.770000
5481.000000,0.000000,0.000000,58.490000,-11.620000
5487.000000,0.000000,0.000000,58.430000,-10.630000
5493.000000,0.000000,0.000000,58.370000,-8.840000
5499.000000,0.000000,0.000000,58.400000,3.930000
5505.000000,0.000000,0.000000,58.410000,2.480000
5511.000000,0.000000,0.000000,58.410000,-0.680000
5517.000000,0.000000,0.000000,58.330000,-12.550000
5523.000000,0.000000,0.000000,58.260000,-11.700000
5529.000000,0.000000,0.000000,58.210000,-8.030000
5535.000000,0.000000,0.000000,58.170000,-7.420000
5541.000000,0.000000,0.000000,58.120000,-7.270000
5547.000000,0.000000,0.000000,58.080000,-6.820000
5553.000000,0.000000,0.000000,58.060000,-4.120000
5559.000000,0.000000,0.000000,58.090000,5.370000
5565.000000,0.000000,0.000000,58.170000,13.300000
5571.000000,0.000000,0.000000,58.230000,10.640000
5577.000000,0.000000,0.000000,58.280000,7.840000
5583.000000,0.000000,0.000000,58.310000,3.940000
5589.000000,0.000000,0.000000,58.310000,0.820000
5595.000000,0.000000,0.000000,58.310000,-0.350000
5601.000000,0.000000,0.000000,58.300000,-1.280000
5607.000000,0.000000,0.000000,58.280000,-4.020000
5613.000000,0.000000,0.000000,58.250000,-5.220000
5619.000000,0.000000,0.000000,58.290000,6.830000
5625.000000,0.000000,0.000000,58.320000,6.130000
5631.000000,0.000000,0.000000,58.360000,6.240000
5637.000000,0.000000,0.000000,58.320000,-6.350000
5643.000000,0.000000,0.000000,58.290000,-5.080000
5649.000000,0.000000,0.000000,58.270000,-3.730000
5655.000000,0.000000,0.000000,58.260000,-2.310000
5661.000000,0.000000,0.000000,58.240000,-1.850000
5667.000000,0.000000,0.000000,58.250000,0.850000
5673.000000,0.000000,0.000000,58.260000,1.020000
5679.000000,0.000000,0.000000,58.250000,-0.850000
5685.000000,0.000000,0.000000,58.310000,10.320000
5691.000000,0.000000,0.000000,58.360000,7.590000
5697.000000,0.000000,0.000000,58.400000,7.400000
5703.000000,0.000000,0.000000,58.380000,-3.080000
5709.000000,0.000000,0.000000,58.370000,-3.130000
5715.000000,0.000000,0.000000,58.360000,-1.170000
5721.000000,0.000000,0.000000,58.350000,-1.270000
5727.000000,0.000000,0.000000,58.340000,-1.350000
5733.000000,0.000000,0.000000,58.330000,-1.410000
5739.000000,0.000000,0.000000,58.320000,-2.130000
5745.000000,0.000000,0.000000,58.310000,-1.700000
5751.000000,0.000000,0.000000,58.300000,-1.700000
5757.000000,0.000000,0.000000,58.290000,-1.360000
5763.000000,0.000000,0.000000,58.230000,-9.750000
5769.000000,0.000000,0.000000,58.190000,-7.470000
5775.000000,0.000000,0.000000,58.140000,-7.970000
5781.000000,0.000000,0.000000,58.110000,-5.050000
5787.000000,0.000000,0.000000,58.090000,-2.700000
5793.000000,0.000000,0.000000,58.090000,-0.830000
5799.000000,0.000000,0.000000,58.080000,-1.330000
5805.000000,0.000000,0.000000,58.130000,8.600000
5811.000000,0.000000,0.000000,58.230000,16.220000
5817.000000,0.000000,0.000000,58.320000,14.640000
5823.000000,0.000000,0.000000,58.340000,3.040000
5829.000000,0.000000,0.000000,58.350000,2.440000
5835.000000,0.000000,0.000000,58.370000,2.280000
5841.000000,0.000000,0.000000,58.380000,2.160000
5847.000000,0.000000,0.000000,58.380000,0.730000
5853.000000,0.000000,0.000000,58.400000,2.250000
5859.000000,0.000000,0.000000,58.410000,2.130000
5865.000000,0.000000,0.000000,58.430000,2.710000
5871.000000,0.000000,0.000000,58.500000,12.160000
5877.000000,0.000000,0.000000,58.540000,7.730000
5883.000000,0.000000,0.000000,58.530000,-3.150000
5889.000000,0.000000,0.000000,58.510000,-2.520000
5895.000000,0.000000,0.000000,58.500000,-2.020000
5901.000000,0.000000,0.000000,58.500000,-0.280000
5907.000000,0.000000,0.000000,58.500000,-0.220000
5913.000000,0.000000,0.000000,58.500000,0.820000
5919.000000,0.000000,0.000000,58.510000,0.990000
5925.000000,0.000000,0.000000,58.510000,0.790000
5931.000000,0.000000,0.000000,58.580000,11.630000
5937.000000,0.000000,0.000000,58.630000,8.970000
5943.000000,0.000000,0.000000,58.610000,-3.490000
5949.000000,0.000000,0.000000,58.540000,-12.460000
5955.000000,0.000000,0.000000,58.480000,-10.630000
5961.000000,0.000000,0.000000,58.430000,-7.840000
5967.000000,0.000000,0.000000,58.390000,-6.940000
5973.000000,0.000000,0.000000,58.360000,-4.220000
5979.000000,0.000000,0.000000,58.340000,-2.710000
5985.000000,0.000000,0.000000,58.340000,-1.170000
5991.000000,0.000000,0.000000,58.390000,8.730000
5997.000000,0.000000,0.000000,58.430000,7.320000
6003.000000,0.000000,0.000000,58.410000,-3.480000
6009.000000,0.000000,0.000000,58.400000,-1.780000
6015.000000,0.000000,0.000000,58.390000,-1.430000
6021.000000,0.000000,0.000000,58.380000,-2.810000
6027.000000,0.000000,0.000000,58.360000,-2.250000
6033.000000,0.000000,0.000000,58.360000,-1.460000
6039.000000,0.000000,0.000000,58.350000,-0.840000
6045.000000,0.000000,0.000000,58.350000,-0.670000
6051.000000,0.000000,0.000000,58.400000,8.800000
6057.000000,0.000000,0.000000,58.500000,17.040000
6063.000000,0.000000,0.000000,58.570000,11.630000
6069.000000,0.000000,0.000000,58.570000,-0.360000
6075.000000,0.000000,0.000000,58.560000,-1.960000
6081.000000,0.000000,0.000000,58.550000,-1.560000
6087.000000,0.000000,0.000000,58.550000,1.080000
6093.000000,0.000000,0.000000,58.560000,0.530000
6099.000000,0.000000,0.000000,58.550000,-1.240000
6105.000000,0.000000,0.000000,58.550000,-0.660000
6111.000000,0.000000,0.000000,58.550000,0.470000
6117.000000,0.000000,0.000000,58.610000,9.710000
6123.000000,0.000000,0.000000,58.650000,7.430000
6129.000000,0.000000,0.000000,58.680000,4.280000
6135.000000,0.000000,0.000000,58.700000,3.420000
6141.000000,0.000000,0.000000,58.700000,1.070000
6147.000000,0.000000,0.000000,58.700000,-0.470000
6153.000000,0.000000,0.000000,58.700000,-0.380000
6159.000000,0.000000,0.000000,58.700000,0.360000
6165.000000,0.000000,0.000000,58.700000,0.290000
6171.000000,0.000000,0.000000,58.700000,-1.100000
6177.000000,0.000000,0.000000,58.700000,0.450000
6183.000000,0.000000,0.000000,58.710000,1.360000
6189.000000,0.000000,0.000000,58.660000,-7.580000
6195.000000,0.000000,0.000000,58.630000,-5.730000
6201.000000,0.000000,0.000000,58.610000,-3.580000
6207.000000,0.000000,0.000000,58.590000,-2.200000
6213.000000,0.000000,0.000000,58.590000,-0.760000
6219.000000,0.000000,0.000000,58.580000,-1.270000
6225.000000,0.000000,0.000000,58.570000,-2.020000
6231.000000,0.000000,0.000000,58.560000,-1.950000
6237.000000,0.000000,0.000000,58.620000,9.770000
6243.000000,0.000000,0.000000,58.670000,9.490000
6249.000000,0.000000,0.000000,58.720000,7.920000
6255.000000,0.000000,0.000000,58.700000,-3.660000
6261.000000,0.000000,0.000000,58.680000,-2.930000
6267.000000,0.000000,0.000000,58.660000,-3.680000
6273.000000,0.000000,0.000000,58.640000,-2.280000
6279.000000,0.000000,0.000000,58.630000,-1.820000
6285.000000,0.000000,0.000000,58.620000,-2.790000
6291.000000,0.000000,0.000000,58.610000,-1.900000
6297.000000,0.000000,0.000000,58.600000,-1.520000
6303.000000,0.000000,0.000000,58.650000,8.450000
6309.000000,0.000000,0.000000,58.700000,9.100000
6315.000000,0.000000,0.000000,58.680000,-3.720000
6321.000000,0.000000,0.000000,58.650000,-4.310000
6327.000000,0.000000,0.000000,58.640000,-2.450000
6333.000000,0.000000,0.000000,58.630000,-1.960000
6339.000000,0.000000,0.000000,58.630000,0.430000
6345.000000,0.000000,0.000000,58.630000,0.350000
6351.000000,0.000000,0.000000,58.640000,1.610000
6357.000000,0.000000,0.000000,58.650000,1.620000
6363.000000,0.000000,0.000000,58.710000,10.300000
6369.000000,0.000000,0.000000,58.760000,7.900000
6375.000000,0.000000,0.000000,58.740000,-2.680000
6381.000000,0.000000,0.000000,58.720000,-3.470000
6387.000000,0.000000,0.000000,58.700000,-4.110000
6393.000000,0.000000,0.000000,58.680000,-3.290000
6399.000000,0.000000,0.000000,58.680000,-0.630000
6405.000000,-0.010000,-1.870000,58.680000,0.830000
6411.000000,-0.010000,0.000000,58.690000,2.000000
6417.000000,-0.010000,0.000000,58.690000,-0.070000
6423.000000,-0.010000,0.000000,58.750000,10.280000
6429.000000,-0.010000,0.000000,58.800000,7.890000
6435.000000,-0.010000,0.000000,58.780000,-4.020000
6441.000000,-0.010000,0.000000,58.740000,-5.550000
6447.000000,-0.010000,0.000000,58.710000,-5.110000
6453.000000,-0.010000,0.000000,58.690000,-4.090000
6459.000000,-0.010000,0.000000,58.670000,-3.600000
6465.000000,-0.010000,0.000000,58.650000,-3.220000
6471.000000,-0.010000,0.000000,58.630000,-3.240000
6477.000000,-0.020000,-1.870000,58.610000,-2.920000
6483.000000,-0.020000,0.000000,58.660000,8.330000
6489.000000,-0.030000,-1.870000,58.690000,5.660000
6495.000000,-0.030000,0.000000,58.670000,-4.800000
6501.000000,-0.060000,-3.740000,58.580000,-14.840000
6507.000000,-0.070000,-1.870000,58.500000,-12.880000
6513.000000,-0.080000,-1.870000,58.440000,-10.630000
6519.000000,-0.090000,-1.870000,58.380000,-9.510000
6525.000000,-0.100000,-1.870000,58.330000,-8.610000
6531.000000,-0.120000,-3.740000,58.270000,-8.880000
6537.000000,-0.130000,-1.870000,58.240000,-5.440000
6543.000000,-0.160000,-3.740000,58.270000,5.310000
6549.000000,-0.170000,-1.870000,58.360000,14.920000
6555.000000,-0.190000,-3.740000,58.380000,2.270000
6561.000000,-0.200000,-1.870000,58.380000,1.150000
6567.000000,-0.210000,-1.870000,58.380000,-0.080000
6573.000000,-0.240000,-3.740000,58.380000,0.270000
6579.000000,-0.240000,0.000000,58.380000,0.210000
6585.000000,-0.260000,-3.740000,58.380000,-1.160000
6591.000000,-0.260000,0.000000,58.370000,-1.600000
6597.000000,-0.270000,-1.870000,58.350000,-2.940000
6603.000000,-0.280000,-1.870000,58.400000,8.310000
6609.000000,-0.280000,0.000000,58.440000,6.320000
6615.000000,-0.290000,-1.870000,58.480000,6.390000
6621.000000,-0.300000,-1.870000,58.450000,-4.560000
6627.000000,-0.300000,0.000000,58.430000,-3.310000
6633.000000,-0.310000,-1.870000,58.420000,-1.320000
6639.000000,-0.310000,0.000000,58.420000,0.280000
6645.000000,-0.330000,-1.870000,58.420000,0.220000
6651.000000,-0.330000,0.000000,58.430000,0.850000
6657.000000,-0.330000,0.000000,58.440000,1.010000
6663.000000,-0.330000,0.000000,58.440000,1.140000
6669.000000,-0.330000,0.000000,58.500000,9.910000
6675.000000,-0.330000,0.000000,58.550000,8.260000
6681.000000,-0.310000,1.870000,58.590000,6.280000
6687.000000,-0.310000,0.000000,58.550000,-6.980000
6693.000000,-0.310000,0.000000,58.520000,-4.250000
6699.000000,-0.310000,0.000000,58.510000,-2.730000
6705.000000,-0.310000,0.000000,58.500000,-1.520000
6711.000000,-0.310000,0.000000,58.490000,-0.550000
6717.000000,-0.310000,0.000000,58.490000,-0.440000
6723.000000,-0.310000,0.000000,58.480000,-1.020000
6729.000000,-0.310000,0.000000,58.480000,-0.480000
6735.000000,-0.310000,0.000000,58.490000,1.280000
6741.000000,-0.310000,0.000000,58.490000,0.690000
6747.000000,-0.310000,0.000000,58.430000,-10.110000
6753.000000,-0.310000,0.000000,58.370000,-10.420000
6759.000000,-0.310000,0.000000,58.330000,-7.340000
6765.000000,-0.310000,0.000000,58.290000,-5.210000
6771.000000,-0.310000,0.000000,58.270000,-4.160000
6777.000000,-0.310000,0.000000,58.250000,-3.330000
6783.000000,-0.310000,0.000000,58.220000,-4.330000
6789.000000,-0.310000,0.000000,58.270000,7.530000
6795.000000,-0.310000,0.000000,58.300000,5.360000
6801.000000,-0.310000,0.000000,58.330000,4.290000
6807.000000,-0.310000,0.000000,58.280000,-7.240000
6813.000000,-0.310000,0.000000,58.240000,-6.790000
6819.000000,-0.310000,0.000000,58.200000,-7.430000
6825.000000,-0.310000,0.000000,58.160000,-6.610000
6831.000000,-0.310000,0.000000,58.120000,-5.960000
6837.000000,-0.310000,0.000000,58.090000,-6.100000
6843.000000,-0.310000,0.000000,58.050000,-6.540000
6849.000000,-0.310000,0.000000,58.020000,-5.240000
6855.000000,-0.310000,0.000000,58.040000,3.480000
6861.000000,-0.310000,0.000000,58.060000,3.120000
6867.000000,-0.310000,0.000000,58.010000,-8.170000
6873.000000,-0.310000,0.000000,57.970000,-6.210000
6879.000000,-0.310000,0.000000,57.930000,-5.960000
6885.000000,-0.310000,0.000000,57.910000,-4.440000
6891.000000,-0.310000,0.000000,57.890000,-2.880000
6897.000000,-0.310000,0.000000,57.870000,-3.310000
6903.000000,-0.310000,0.000000,57.840000,-4.310000
6909.000000,-0.310000,0.000000,57.810000,-5.450000
6915.000000,-0.310000,0.000000,57.840000,4.640000
6921.000000,-0.310000,0.000000,57.860000,4.380000
6927.000000,-0.310000,0.000000,57.880000,2.840000
6933.000000,-0.310000,0.000000,57.830000,-9.400000
6939.000000,-0.310000,0.000000,57.760000,-10.180000
6945.000000,-0.310000,0.000000,57.710000,-9.150000
6951.000000,-0.310000,0.000000,57.650000,-9.650000
6957.000000,-0.310000,0.000000,57.600000,-8.720000
6963.000000,-0.310000,0.000000,57.560000,-7.310000
6969.000000,-0.310000,0.000000,57.510000,-6.850000
6975.000000,-0.310000,0.000000,57.530000,2.190000
6981.000000,-0.310000,0.000000,57.530000,-0.250000
6987.000000,-0.310000,0.000000,57.520000,-0.530000
6993.000000,-0.310000,0.000000,57.510000,-2.760000
6999.000000,-0.310000,0.000000,57.480000,-4.540000
7005.000000,-0.310000,0.000000,57.440000,-5.960000
7011.000000,-0.310000,0.000000,57.400000,-6.440000
7017.000000,-0.310000,0.000000,57.370000,-5.480000
7023.000000,-0.310000,0.000000,57.330000,-7.050000
7029.000000,-0.310000,0.000000,57.280000,-7.980000
7035.000000,-0.310000,0.000000,57.300000,2.290000
7041.000000,-0.310000,0.000000,57.310000,1.830000
7047.000000,-0.310000,0.000000,57.310000,1.460000
7053.000000,-0.310000,0.000000,57.250000,-10.830000
7059.000000,-0.310000,0.000000,57.200000,-8.000000
7065.000000,-0.310000,0.000000,57.160000,-7.060000
7071.000000,-0.310000,0.000000,57.130000,-5.650000
7077.000000,-0.310000,0.000000,57.100000,-4.520000
7083.000000,-0.310000,0.000000,57.070000,-5.290000
7089.000000,-0.310000,0.000000,57.030000,-5.560000
7095.000000,-0.310000,0.000000,57.060000,3.890000
7101.000000,-0.310000,0.000000,57.130000,11.770000
7107.000000,-0.310000,0.000000,57.180000,8.420000
7113.000000,-0.310000,0.000000,57.210000,5.070000
7119.000000,-0.310000,0.000000,57.160000,-7.280000
7125.000000,-0.310000,0.000000,57.120000,-8.160000
7131.000000,-0.310000,0.000000,57.070000,-7.190000
7137.000000,-0.310000,0.000000,57.020000,-8.090000
7143.000000,-0.310000,0.000000,56.980000,-7.800000
7149.000000,-0.310000,0.000000,56.920000,-8.910000
7155.000000,-0.310000,0.000000,56.930000,0.210000
7161.000000,-0.310000,0.000000,56.910000,-1.840000
7167.000000,-0.310000,0.000000,56.900000,-3.140000
7173.000000,-0.310000,0.000000,56.860000,-6.510000
7179.000000,-0.310000,0.000000,56.760000,-16.540000
7185.000000,-0.310000,0.000000,56.660000,-15.900000
7191.000000,-0.310000,0.000000,56.570000,-14.720000
7197.000000,-0.310000,0.000000,56.490000,-13.770000
7203.000000,-0.310000,0.000000,56.410000,-14.020000
7209.000000,-0.310000,0.000000,56.320000,-14.550000
7215.000000,-0.310000,0.000000,56.230000,-15.310000
7221.000000,-0.310000,0.000000,56.200000,-4.580000
7227.000000,-0.310000,0.000000,56.160000,-7.000000
7233.000000,-0.310000,0.000000,56.090000,-10.930000
7239.000000,-0.310000,0.000000,55.960000,-22.080000
7245.000000,-0.310000,0.000000,55.840000,-20.660000
7251.000000,-0.310000,0.000000,55.710000,-20.200000
7257.000000,-0.310000,0.000000,55.590000,-20.490000
7263.000000,-0.310000,0.000000,55.470000,-19.730000
7269.000000,-0.310000,0.000000,55.360000,-18.780000
7275.000000,-0.310000,0.000000,55.250000,-18.690000
7281.000000,-0.310000,0.000000,55.140000,-17.290000
7287.000000,-0.310000,0.000000,55.100000,-6.830000
7293.000000,-0.310000,0.000000,55.040000,-10.130000
7299.000000,-0.310000,0.000000,54.920000,-19.770000
7305.000000,-0.310000,0.000000,54.800000,-20.150000
7311.000000,-0.310000,0.000000,54.670000,-21.790000
7317.000000,-0.310000,0.000000,54.550000,-21.100000
7323.000000,-0.310000,0.000000,54.420000,-21.540000
7329.000000,-0.310000,0.000000,54.290000,-21.240000
7335.000000,-0.310000,0.000000,54.160000,-22.320000
7341.000000,-0.310000,0.000000,54.030000,-20.860000
7347.000000,-0.310000,0.000000,53.970000,-10.690000
7353.000000,-0.310000,0.000000,53.890000,-12.220000
7359.000000,-0.310000,0.000000,53.800000,-16.110000
7365.000000,-0.310000,0.000000,53.650000,-24.880000
7371.000000,-0.310000,0.000000,53.500000,-24.240000
7377.000000,-0.310000,0.000000,53.350000,-25.060000
7383.000000,-0.310000,0.000000,53.210000,-24.050000
7389.000000,-0.310000,0.000000,53.050000,-26.570000
7395.000000,-0.310000,0.000000,52.890000,-25.920000
7401.000000,-0.310000,0.000000,52.740000,-26.070000
7407.000000,-0.310000,0.000000,52.640000,-16.190000
7413.000000,-0.310000,0.000000,52.530000,-17.620000
7419.000000,-0.310000,0.000000,52.420000,-18.430000
7425.000000,-0.310000,0.000000,52.270000,-26.080000
7431.000000,-0.310000,0.000000,52.100000,-26.860000
7437.000000,-0.310000,0.000000,51.940000,-27.490000
7443.000000,-0.310000,0.000000,51.770000,-27.990000
7449.000000,-0.310000,0.000000,51.600000,-28.390000
7455.000000,-0.310000,0.000000,51.440000,-26.710000
7461.000000,-0.310000,0.000000,51.280000,-27.370000
7467.000000,-0.310000,0.000000,51.170000,-17.900000
7473.000000,-0.310000,0.000000,51.040000,-21.320000
7479.000000,-0.310000,0.000000,50.910000,-21.720000
7485.000000,-0.310000,0.000000,50.730000,-29.710000
7491.000000,-0.310000,0.000000,50.550000,-30.430000
7497.000000,-0.310000,0.000000,50.370000,-30.680000
7503.000000,-0.310000,0.000000,50.190000,-29.210000
7509.000000,-0.310000,0.000000,50.010000,-29.700000
7515.000000,-0.310000,0.000000,49.830000,-29.760000
7521.000000,-0.310000,0.000000,49.650000,-30.810000
7527.000000,-0.310000,0.000000,49.460000,-31.650000
7533.000000,-0.310000,0.000000,49.330000,-21.650000
7539.000000,-0.310000,0.000000,49.190000,-22.650000
7545.000000,-0.310000,0.000000,49.050000,-23.790000
7551.000000,-0.310000,0.000000,48.900000,-25.370000
7557.000000,-0.310000,0.000000,48.740000,-26.630000
7563.000000,-0.310000,0.000000,48.570000,-27.970000
7569.000000,-0.310000,0.000000,48.400000,-28.040000
7575.000000,-0.310000,0.000000,48.240000,-27.770000
7581.000000,-0.310000,0.000000,48.080000,-26.880000
7587.000000,-0.310000,0.000000,47.910000,-28.170000
7593.000000,-0.310000,0.000000,47.730000,-29.200000
7599.000000,-0.310000,0.000000,47.550000,-30.360000
7605.000000,-0.310000,0.000000,47.360000,-30.620000
7611.000000,-0.310000,0.000000,47.150000,-36.500000
7617.000000,-0.310000,0.000000,46.930000,-36.200000
7623.000000,-0.310000,0.000000,46.720000,-34.630000
7629.000000,-0.310000,0.000000,46.510000,-35.030000
7635.000000,-0.310000,0.000000,46.300000,-35.360000
7641.000000,-0.310000,0.000000,46.080000,-35.620000
7647.000000,-0.310000,0.000000,45.870000,-36.500000
7653.000000,-0.310000,0.000000,45.700000,-26.860000
7659.000000,-0.310000,0.000000,45.520000,-30.160000
7665.000000,-0.310000,0.000000,45.330000,-32.460000
7671.000000,-0.310000,0.000000,45.100000,-38.970000
7677.000000,-0.310000,0.000000,44.860000,-39.510000
7683.000000,-0.310000,0.000000,44.620000,-40.270000
7689.000000,-0.310000,0.000000,44.370000,-40.550000
7695.000000,-0.310000,0.000000,44.130000,-40.110000
7701.000000,-0.310000,0.000000,43.890000,-40.420000
7707.000000,-0.310000,0.000000,43.640000,-41.340000
7713.000000,-0.310000,0.000000,43.390000,-41.400000
7719.000000,-0.310000,0.000000,43.200000,-32.120000
7725.000000,-0.310000,0.000000,43.000000,-33.360000
7731.000000,-0.310000,0.000000,42.770000,-38.690000
7737.000000,-0.310000,0.000000,42.530000,-39.620000
7743.000000,-0.310000,0.000000,42.280000,-41.030000
7749.000000,-0.310000,0.000000,42.030000,-41.820000
7755.000000,-0.310000,0.000000,41.790000,-41.120000
7761.000000,-0.310000,0.000000,41.540000,-40.900000
7767.000000,-0.310000,0.000000,41.300000,-41.050000
7773.000000,-0.310000,0.000000,41.050000,-40.840000
7779.000000,-0.310000,0.000000,40.860000,-32.010000
7785.000000,-0.310000,0.000000,40.650000,-33.940000
7791.000000,-0.310000,0.000000,40.420000,-38.820000
7797.000000,-0.310000,0.000000,40.170000,-42.720000
7803.000000,-0.310000,0.000000,39.910000,-43.180000
7809.000000,-0.310000,0.000000,39.650000,-42.870000
7815.000000,-0.310000,0.000000,39.390000,-42.630000
7821.000000,-0.310000,0.000000,39.130000,-43.110000
7827.000000,-0.310000,0.000000,38.880000,-43.150000
7833.000000,-0.310000,0.000000,38.620000,-42.190000
7839.000000,-0.310000,0.000000,38.420000,-33.750000
7845.000000,-0.310000,0.000000,38.210000,-35.670000
7851.000000,-0.310000,0.000000,37.980000,-36.870000
7857.000000,-0.310000,0.000000,37.740000,-40.490000
7863.000000,-0.310000,0.000000,37.500000,-40.730000
7869.000000,-0.310000,0.000000,37.250000,-41.250000
7875.000000,-0.310000,0.000000,37.000000,-41.670000
7881.000000,-0.310000,0.000000,36.750000,-42.330000
7887.000000,-0.310000,0.000000,36.490000,-42.530000
7893.000000,-0.310000,0.000000,36.230000,-42.690000
7899.000000,-0.310000,0.000000,36.030000,-34.820000
7905.000000,-0.310000,0.000000,35.800000,-36.860000
7911.000000,-0.310000,0.000000,35.580000,-37.820000
7917.000000,-0.310000,0.000000,35.330000,-41.250000
7923.000000,-0.310000,0.000000,35.080000,-41.340000
7929.000000,-0.310000,0.000000,34.830000,-41.740000
7935.000000,-0.310000,0.000000,34.580000,-41.720000
7941.000000,-0.310000,0.000000,34.330000,-42.710000
7947.000000,-0.310000,0.000000,34.070000,-42.840000
7953.000000,-0.310000,0.000000,33.810000,-42.940000
7959.000000,-0.310000,0.000000,33.560000,-42.020000
7965.000000,-0.310000,0.000000,33.350000,-34.940000
7971.000000,-0.310000,0.000000,33.130000,-35.960000
7977.000000,-0.310000,0.000000,32.910000,-37.430000
7983.000000,-0.310000,0.000000,32.670000,-38.950000
7989.000000,-0.310000,0.000000,32.440000,-38.820000
7995.000000,-0.310000,0.000000,32.210000,-39.390000
8001.000000,-0.310000,0.000000,31.970000,-39.850000
8007.000000,-0.310000,0.000000,31.730000,-39.540000
8013.000000,-0.310000,0.000000,31.490000,-39.970000
8019.000000,-0.310000,0.000000,31.250000,-39.980000
8025.000000,-0.310000,0.000000,31.050000,-33.980000
8031.000000,-0.310000,0.000000,30.830000,-35.180000
8037.000000,-0.310000,0.000000,30.620000,-36.150000
8043.000000,-0.310000,0.000000,30.390000,-37.920000
8049.000000,-0.310000,0.000000,30.160000,-38.330000
8055.000000,-0.310000,0.000000,29.930000,-38.670000
8061.000000,-0.310000,0.000000,29.690000,-39.270000
8067.000000,-0.310000,0.000000,29.460000,-39.080000
8073.000000,-0.310000,0.000000,29.220000,-38.930000
8079.000000,-0.310000,0.000000,28.990000,-39.140000
8085.000000,-0.310000,0.000000,28.790000,-33.320000
8091.000000,-0.310000,0.000000,28.580000,-34.650000
8097.000000,-0.310000,0.000000,28.370000,-36.060000
8103.000000,-0.310000,0.000000,28.130000,-38.510000
8109.000000,-0.310000,0.000000,27.900000,-38.480000
8115.000000,-0.310000,0.000000,27.670000,-38.450000
8121.000000,-0.310000,0.000000,27.440000,-38.420000
8127.000000,-0.310000,0.000000,27.210000,-38.410000
8133.000000,-0.310000,0.000000,26.980000,-38.390000
8139.000000,-0.310000,0.000000,26.750000,-39.050000
8145.000000,-0.310000,0.000000,26.510000,-39.240000
8151.000000,-0.310000,0.000000,26.280000,-39.390000
8157.000000,-0.310000,0.000000,26.040000,-39.510000
8163.000000,-0.310000,0.000000,25.800000,-40.280000
8169.000000,-0.310000,0.000000,25.560000,-39.890000
8175.000000,-0.310000,0.000000,25.320000,-39.910000
8181.000000,-0.310000,0.000000,25.080000,-40.260000
8187.000000,-0.310000,0.000000,24.840000,-40.210000
8193.000000,-0.310000,0.000000,24.590000,-40.170000
8199.000000,-0.310000,0.000000,24.360000,-39.800000
8205.000000,-0.310000,0.000000,24.120000,-39.840000
8211.000000,-0.310000,0.000000,23.910000,-34.540000
8217.000000,-0.310000,0.000000,23.700000,-35.630000
8223.000000,-0.310000,0.000000,23.470000,-36.840000
8229.000000,-0.310000,0.000000,23.250000,-37.800000
8235.000000,-0.310000,0.000000,23.020000,-37.580000
8241.000000,-0.310000,0.000000,22.800000,-37.730000
8247.000000,-0.310000,0.000000,22.570000,-37.520000
8253.000000,-0.310000,0.000000,22.350000,-37.350000
8259.000000,-0.310000,0.000000,22.120000,-37.540000
8265.000000,-0.310000,0.000000,21.900000,-37.030000
8271.000000,-0.310000,0.000000,21.710000,-32.290000
8277.000000,-0.310000,0.000000,21.510000,-32.840000
8283.000000,-0.310000,0.000000,21.310000,-33.270000
8289.000000,-0.310000,0.000000,21.100000,-34.280000
8295.000000,-0.310000,0.000000,20.890000,-34.760000
8301.000000,-0.310000,0.000000,20.680000,-35.140000
8307.000000,-0.310000,0.000000,20.470000,-34.780000
8313.000000,-0.310000,0.000000,20.270000,-34.490000
8319.000000,-0.310000,0.000000,20.060000,-34.260000
8325.000000,-0.310000,0.000000,19.860000,-34.070000
8331.000000,-0.310000,0.000000,19.680000,-30.260000
8337.000000,-0.310000,0.000000,19.490000,-31.540000
8343.000000,-0.310000,0.000000,19.300000,-31.900000
8349.000000,-0.310000,0.000000,19.100000,-32.190000
8355.000000,-0.310000,0.000000,18.910000,-32.420000
8361.000000,-0.310000,0.000000,18.710000,-32.600000
8367.000000,-0.310000,0.000000,18.520000,-32.750000
8373.000000,-0.310000,0.000000,18.320000,-32.860000
8379.000000,-0.310000,0.000000,18.120000,-32.960000
8385.000000,-0.310000,0.000000,17.920000,-32.700000
8391.000000,-0.310000,0.000000,17.750000,-29.160000
8397.000000,-0.310000,0.000000,17.590000,-26.330000
8403.000000,-0.310000,0.000000,17.430000,-27.400000
8409.000000,-0.310000,0.000000,17.260000,-28.250000
8415.000000,-0.310000,0.000000,17.080000,-28.930000
8421.000000,-0.310000,0.000000,16.910000,-28.810000
8427.000000,-0.310000,0.000000,16.740000,-28.720000
8433.000000,-0.310000,0.000000,16.570000,-28.640000
8439.000000,-0.310000,0.000000,16.400000,-28.580000
8445.000000,-0.310000,0.000000,16.220000,-28.530000
8451.000000,-0.310000,0.000000,16.050000,-28.490000
8457.000000,-0.310000,0.000000,15.900000,-25.460000
8463.000000,-0.310000,0.000000,15.750000,-25.370000
8469.000000,-0.310000,0.000000,15.600000,-25.290000
8475.000000,-0.310000,0.000000,15.450000,-25.240000
8481.000000,-0.310000,0.000000,15.290000,-25.190000
8487.000000,-0.310000,0.000000,15.140000,-25.150000
8493.000000,-0.310000,0.000000,14.990000,-25.120000
8499.000000,-0.310000,0.000000,14.840000,-25.100000
8505.000000,-0.310000,0.000000,14.690000,-24.740000
8511.000000,-0.310000,0.000000,14.550000,-24.460000
8517.000000,-0.310000,0.000000,14.420000,-21.900000
8523.000000,-0.310000,0.000000,14.280000,-22.190000
8529.000000,-0.310000,0.000000,14.150000,-22.420000
8535.000000,-0.310000,0.000000,14.020000,-21.930000
8541.000000,-0.310000,0.000000,13.890000,-21.550000
8547.000000,-0.310000,0.000000,13.760000,-20.570000
8553.000000,-0.310000,0.000000,13.640000,-19.790000
8559.000000,-0.310000,0.000000,13.530000,-19.170000
8565.000000,-0.310000,0.000000,13.420000,-18.670000
8571.000000,-0.310000,0.000000,13.320000,-16.930000
8577.000000,-0.310000,0.000000,13.230000,-15.210000
8583.000000,-0.310000,0.000000,13.140000,-13.500000
8589.000000,-0.310000,0.000000,13.070000,-12.140000
8595.000000,-0.310000,0.000000,13.010000,-11.040000
8601.000000,-0.310000,0.000000,12.940000,-11.500000
8607.000000,-0.310000,0.000000,12.870000,-10.530000
8613.000000,-0.310000,0.000000,12.820000,-9.430000
8619.000000,-0.310000,0.000000,12.770000,-8.210000
8625.000000,-0.310000,0.000000,12.720000,-7.230000
8631.000000,-0.310000,0.000000,12.680000,-6.450000
8637.000000,-0.310000,0.000000,12.650000,-5.830000
8643.000000,-0.310000,0.000000,12.630000,-3.660000
8649.000000,-0.310000,0.000000,12.610000,-3.600000
8655.000000,-0.310000,0.000000,12.590000,-3.540000
8661.000000,-0.310000,0.000000,12.560000,-4.500000
8667.000000,-0.310000,0.000000,12.530000,-3.940000
8673.000000,-0.310000,0.000000,12.510000,-3.480000
8679.000000,-0.310000,0.000000,12.490000,-3.120000
8685.000000,-0.310000,0.000000,12.480000,-2.830000
8691.000000,-0.310000,0.000000,12.460000,-2.600000
8697.000000,-0.310000,0.000000,12.450000,-2.080000
8703.000000,-0.310000,0.000000,12.450000,-0.330000
8709.000000,-0.310000,0.000000,12.450000,-0.260000
8715.000000,-0.310000,0.000000,12.450000,-0.210000
8721.000000,-0.310000,0.000000,12.440000,-1.500000
8727.000000,-0.310000,0.000000,12.430000,-1.530000
8733.000000,-0.310000,0.000000,12.420000,-1.560000
8739.000000,-0.310000,0.000000,12.410000,-0.920000
8745.000000,-0.310000,0.000000,12.410000,-0.400000
8751.000000,-0.310000,0.000000,12.410000,0.010000
8757.000000,-0.310000,0.000000,12.410000,0.340000
8763.000000,-0.310000,0.000000,12.420000,1.610000
8769.000000,-0.310000,0.000000,12.430000,1.290000
8775.000000,-0.310000,0.000000,12.440000,1.360000
8781.000000,-0.310000,0.000000,12.450000,1.760000
8787.000000,-0.310000,0.000000,12.450000,1.070000
8793.000000,-0.310000,0.000000,12.460000,1.520000
8799.000000,-0.310000,0.000000,12.470000,1.890000
8805.000000,-0.310000,0.000000,12.490000,2.510000
8811.000000,-0.310000,0.000000,12.510000,3.010000
8817.000000,-0.310000,0.000000,12.530000,3.740000
8823.000000,-0.310000,0.000000,12.560000,4.320000
8829.000000,-0.310000,0.000000,12.590000,5.790000
8835.000000,-0.310000,0.000000,12.630000,5.970000
8841.000000,-0.310000,0.000000,12.660000,6.110000
8847.000000,-0.310000,0.000000,12.700000,6.220000
8853.000000,-0.310000,0.000000,12.740000,6.310000
8859.000000,-0.310000,0.000000,12.780000,6.710000
8865.000000,-0.310000,0.000000,12.820000,7.040000
8871.000000,-0.310000,0.000000,12.860000,7.300000
8877.000000,-0.310000,0.000000,12.910000,7.500000
8883.000000,-0.310000,0.000000,12.950000,7.340000
8889.000000,-0.310000,0.000000,13.000000,8.200000
8895.000000,-0.310000,0.000000,13.050000,8.560000
8901.000000,-0.310000,0.000000,13.110000,8.850000
8907.000000,-0.310000,0.000000,13.150000,7.750000
8913.000000,-0.310000,0.000000,13.200000,8.200000
8919.000000,-0.310000,0.000000,13.250000,8.560000
8925.000000,-0.310000,0.000000,13.310000,8.850000
8931.000000,-0.310000,0.000000,13.360000,9.080000
8937.000000,-0.310000,0.000000,13.420000,9.930000
8943.000000,-0.310000,0.000000,13.490000,10.610000
8949.000000,-0.310000,0.000000,13.550000,11.150000
8955.000000,-0.310000,0.000000,13.620000,11.590000
8961.000000,-0.310000,0.000000,13.690000,11.940000
8967.000000,-0.310000,0.000000,13.770000,12.220000
8973.000000,-0.310000,0.000000,13.830000,11.110000
8979.000000,-0.310000,0.000000,13.900000,11.550000
8985.000000,-0.310000,0.000000,13.970000,11.910000
8991.000000,-0.310000,0.000000,14.050000,12.190000
8997.000000,-0.310000,0.000000,14.120000,12.420000
9003.000000,-0.310000,0.000000,14.200000,12.600000
9009.000000,-0.310000,0.000000,14.270000,12.750000
9015.000000,-0.310000,0.000000,14.350000,12.870000
9021.000000,-0.310000,0.000000,14.430000,12.960000
9027.000000,-0.310000,0.000000,14.510000,13.030000
9033.000000,-0.310000,0.000000,14.580000,11.760000
9039.000000,-0.310000,0.000000,14.650000,12.080000
9045.000000,-0.310000,0.000000,14.720000,12.330000
9051.000000,-0.310000,0.000000,14.800000,12.530000
9057.000000,-0.310000,0.000000,14.880000,12.690000
9063.000000,-0.310000,0.000000,14.950000,12.820000
9069.000000,-0.310000,0.000000,15.030000,12.920000
9075.000000,-0.310000,0.000000,15.110000,13.000000
9081.000000,-0.310000,0.000000,15.190000,13.070000
9087.000000,-0.310000,0.000000,15.270000,13.120000
9093.000000,-0.310000,0.000000,15.340000,11.830000
9099.000000,-0.310000,0.000000,15.410000,12.130000
9105.000000,-0.310000,0.000000,15.480000,12.370000
9111.000000,-0.310000,0.000000,15.560000,12.560000
9117.000000,-0.310000,0.000000,15.630000,12.720000
9123.000000,-0.310000,0.000000,15.710000,12.510000
9129.000000,-0.310000,0.000000,15.790000,12.670000
9135.000000,-0.310000,0.000000,15.860000,12.140000
9141.000000,-0.310000,0.000000,15.930000,12.380000
9147.000000,-0.310000,0.000000,16.000000,11.900000
9153.000000,-0.310000,0.000000,16.070000,10.190000
9159.000000,-0.310000,0.000000,16.130000,10.150000
9165.000000,-0.310000,0.000000,16.190000,10.120000
9171.000000,-0.310000,0.000000,16.240000,8.430000
9177.000000,-0.310000,0.000000,16.280000,7.080000
9183.000000,-0.310000,0.000000,16.320000,6.000000
9189.000000,-0.310000,0.000000,16.350000,5.130000
9195.000000,-0.310000,0.000000,16.370000,4.440000
9201.000000,-0.310000,0.000000,16.400000,5.220000
9207.000000,-0.310000,0.000000,16.430000,4.510000
9213.000000,-0.310000,0.000000,16.450000,3.610000
9219.000000,-0.310000,0.000000,16.460000,1.550000
9225.000000,-0.310000,0.000000,16.470000,1.240000
9231.000000,-0.310000,0.000000,16.480000,0.990000
9237.000000,-0.310000,0.000000,16.480000,0.790000
9243.000000,-0.310000,0.000000,16.480000,0.300000
9249.000000,-0.310000,0.000000,16.480000,0.240000
9255.000000,-0.310000,0.000000,16.490000,0.190000
9261.000000,-0.310000,0.000000,16.490000,1.490000
9267.000000,-0.310000,0.000000,16.500000,1.190000
9273.000000,-0.310000,0.000000,16.510000,0.950000
9279.000000,-0.310000,0.000000,16.510000,0.760000
9285.000000,-0.310000,0.000000,16.520000,0.610000
9291.000000,-0.310000,0.000000,16.520000,0.490000
9297.000000,-0.310000,0.000000,16.520000,0.390000
9303.000000,-0.310000,0.000000,16.520000,0.310000
9309.000000,-0.310000,0.000000,16.520000,0.250000
9315.000000,-0.310000,0.000000,16.530000,0.200000
9321.000000,-0.310000,0.000000,16.530000,1.160000
9327.000000,-0.310000,0.000000,16.540000,0.930000
9333.000000,-0.310000,0.000000,16.540000,0.740000
9339.000000,-0.310000,0.000000,16.540000,-0.410000
9345.000000,-0.310000,0.000000,16.530000,-1.320000
9351.000000,-0.310000,0.000000,16.530000,-1.060000
9357.000000,-0.310000,0.000000,16.520000,-0.850000
9363.000000,-0.310000,0.000000,16.520000,-0.680000
9369.000000,-0.310000,0.000000,16.510000,-0.540000
9375.000000,-0.310000,0.000000,16.510000,-0.430000
9381.000000,-0.310000,0.000000,16.510000,-0.350000
9387.000000,-0.310000,0.000000,16.510000,0.720000
9393.000000,-0.310000,0.000000,16.520000,0.580000
9399.000000,-0.310000,0.000000,16.520000,0.460000
9405.000000,-0.310000,0.000000,16.510000,-0.960000
9411.000000,-0.310000,0.000000,16.510000,-1.100000
9417.000000,-0.310000,0.000000,16.500000,-1.220000
9423.000000,-0.310000,0.000000,16.490000,-1.310000
9429.000000,-0.310000,0.000000,16.480000,-1.380000
9435.000000,-0.310000,0.000000,16.470000,-1.440000
9441.000000,-0.310000,0.000000,16.470000,-1.480000
9447.000000,-0.310000,0.000000,16.460000,-1.520000
9453.000000,-0.310000,0.000000,16.450000,-1.550000
9459.000000,-0.310000,0.000000,16.440000,-1.570000
9465.000000,-0.310000,0.000000,16.420000,-2.590000
9471.000000,-0.310000,0.000000,16.410000,-2.410000
9477.000000,-0.310000,0.000000,16.390000,-2.260000
9483.000000,-0.310000,0.000000,16.390000,-1.470000
9489.000000,-0.310000,0.000000,16.380000,-1.180000
9495.000000,-0.310000,0.000000,16.370000,-0.940000
9501.000000,-0.310000,0.000000,16.370000,-0.750000
9507.000000,-0.310000,0.000000,16.370000,0.730000
9513.000000,-0.310000,0.000000,16.380000,0.580000
9519.000000,-0.310000,0.000000,16.380000,0.470000
9525.000000,-0.310000,0.000000,16.370000,-0.960000
9531.000000,-0.310000,0.000000,16.360000,-2.100000
9537.000000,-0.310000,0.000000,16.350000,-1.680000
9543.000000,-0.310000,0.000000,16.340000,-1.340000
9549.000000,-0.310000,0.000000,16.340000,-1.080000
9555.000000,-0.310000,0.000000,16.330000,-0.860000
9561.000000,-0.310000,0.000000,16.330000,-0.690000
9567.000000,-0.310000,0.000000,16.320000,-0.550000
9573.000000,-0.310000,0.000000,16.330000,0.890000
9579.000000,-0.310000,0.000000,16.330000,0.710000
9585.000000,-0.310000,0.000000,16.330000,0.240000
9591.000000,-0.310000,0.000000,16.340000,0.190000
9597.000000,-0.310000,0.000000,16.340000,0.150000
9603.000000,-0.310000,0.000000,16.340000,0.120000
9609.000000,-0.310000,0.000000,16.340000,0.100000
9615.000000,-0.310000,0.000000,16.340000,0.080000
9621.000000,-0.310000,0.000000,16.340000,0.060000
9627.000000,-0.310000,0.000000,16.340000,0.050000
9633.000000,-0.310000,0.000000,16.350000,1.370000
9639.000000,-0.310000,0.000000,16.350000,1.100000
9645.000000,-0.310000,0.000000,16.360000,0.880000
9651.000000,-0.310000,0.000000,16.360000,-0.630000
9657.000000,-0.310000,0.000000,16.350000,-0.500000
9663.000000,-0.310000,0.000000,16.350000,-0.400000
9669.000000,-0.310000,0.000000,16.350000,-0.320000
