time,angle,velocity
2012652,0.00,0.00
2022652,0.01,1.12
2032652,0.02,1.12
2042652,0.04,2.24
2052652,0.08,3.37
2062652,0.10,2.24
2072652,0.13,3.37
2082652,0.18,4.49
2092652,0.21,3.37
2102652,0.26,4.49
2112652,0.31,5.61
2122652,0.36,4.49
2132652,0.42,5.61
2142652,0.47,5.61
2152652,0.54,6.73
2162652,0.59,5.61
2172652,0.66,6.73
2182652,0.74,7.85
2192652,0.81,6.73
2202652,0.89,7.85
2212652,0.96,7.85
2222652,1.04,7.85
2232652,1.13,8.98
2242652,1.21,7.85
2252652,1.30,8.98
2262652,1.39,8.98
2272652,1.48,8.98
2282652,1.58,10.10
2292652,1.67,8.98
2302652,1.77,10.10
2312652,1.86,8.98
2322652,1.96,10.10
2332652,2.06,10.10
2342652,2.15,8.98
2352652,2.27,11.22
2362652,2.36,8.98
2372652,2.47,11.22
2382652,2.57,10.10
2392652,2.67,10.10
2402652,2.77,10.10
2412652,2.87,10.10
2422652,2.98,11.22
2432655,3.10,11.22
2442652,3.20,10.10
2452652,3.30,10.10
2462652,3.41,11.22
2472652,3.52,11.22
2482652,3.62,10.10
2492652,3.73,10.10
2502652,3.84,11.22
2512652,3.94,10.10
2522652,4.05,11.22
2532652,4.15,10.10
2542652,4.26,11.22
2552652,4.38,11.22
2562652,4.49,11.22
2572652,4.61,12.34
2582652,4.72,11.22
2592652,4.85,12.34
2602652,4.97,12.34
2612652,5.09,12.34
2622652,5.22,12.34
2632652,5.34,12.34
2642652,5.45,11.22
2652652,5.58,12.34
2662652,5.70,12.34
2672652,5.81,11.22
2682652,5.92,11.22
2692652,6.04,11.22
2702652,6.16,12.34
2712652,6.26,10.10
2722652,6.37,11.22
2732652,6.50,12.34
2742652,6.61,11.22
2752652,6.72,11.22
2762652,6.83,11.22
2772652,6.96,12.34
2782652,7.07,11.22
2792652,7.19,12.34
2802652,7.32,12.34
2812652,7.43,11.22
2822652,7.55,12.34
2832652,7.67,12.34
2842652,7.79,11.22
2852652,7.91,12.34
2862652,8.03,12.34
2872652,8.16,12.34
2882652,8.28,12.34
2892652,8.39,11.22
2902652,8.52,12.34
2912652,8.64,12.34
2922652,8.75,11.22
2932652,8.86,11.22
2942652,8.99,12.34
2952652,9.11,12.34
2962652,9.22,11.22
2972652,9.35,12.34
2982652,9.46,11.22
2992652,9.58,12.34
3002652,9.69,11.22
3012652,9.81,11.22
3022652,9.92,11.22
3032652,10.03,11.22
3042652,10.14,11.22
3052652,10.26,11.22
3062652,10.37,11.22
3072652,10.48,11.22
3082652,10.59,11.22
3092652,10.72,12.34
3102652,10.84,12.34
3112652,10.96,12.34
3122652,11.09,12.34
3132652,11.21,12.34
3142652,11.33,12.34
3152652,11.47,13.46
3162652,11.58,11.22
3172652,11.71,13.46
3182652,11.84,12.34
3192652,11.95,11.22
3202652,12.07,12.34
3212655,12.20,12.34
3222652,12.31,11.22
3232652,12.42,11.22
3242652,12.53,11.22
3252652,12.66,12.34
3262652,12.77,11.22
3272652,12.88,11.22
3282652,12.99,11.22
3292652,13.12,12.34
3302655,13.24,12.34
3312652,13.35,11.22
3322652,13.48,12.34
3332652,13.60,12.34
3342652,13.71,11.22
3352652,13.83,12.34
3362652,13.96,12.34
3372652,14.08,12.34
3382652,14.20,12.34
3392652,14.33,12.34
3402652,14.45,12.34
3412652,14.57,12.34
3422652,14.70,12.34
3432652,14.81,11.22
3442652,14.93,12.34
3452652,15.06,12.34
3462652,15.17,11.22
3472652,15.29,12.34
3482652,15.42,12.34
3492652,15.53,11.22
3502652,15.64,11.22
3512652,15.76,12.34
3522652,15.89,12.34
3532652,16.00,11.22
3542652,16.11,11.22
3552652,16.24,12.34
3562652,16.35,11.22
3572652,16.46,11.22
3582652,16.57,11.22
3592652,16.68,11.22
3602652,16.80,11.22
3612652,16.91,11.22
3622652,17.03,12.34
3632652,17.16,12.34
3642652,17.28,12.34
3652652,17.40,12.34
3662652,17.53,12.34
3672652,17.66,13.46
3682652,17.78,12.34
3692652,17.91,12.34
3702652,18.03,12.34
3712652,18.15,12.34
3722652,18.28,12.34
3732652,18.40,12.34
3742652,18.51,11.22
3752652,18.63,11.22
3762652,18.75,12.34
3772652,18.86,11.22
3782652,18.97,11.22
3792652,19.10,12.34
3802652,19.21,11.22
3812652,19.32,11.22
3822652,19.44,12.34
3832652,19.57,12.34
3842652,19.68,11.22
3852652,19.80,12.34
3862652,19.93,12.34
3872652,20.05,12.34
3882652,20.17,12.34
3892652,20.30,12.34
3902652,20.42,12.34
3912652,20.54,12.34
3922652,20.67,12.34
3932652,20.79,12.34
3942652,20.91,12.34
3952652,21.03,11.22
3962652,21.15,12.34
3972652,21.27,12.34
3982652,21.40,12.34
3992651,21.52,12.34
4002652,21.63,11.22
4012652,21.76,12.34
4022652,21.87,11.22
4032652,21.99,12.34
4042652,22.10,11.22
4052652,22.23,12.34
4062652,22.35,12.34
4072652,22.46,11.22
4082652,22.57,11.22
4092652,22.69,11.22
4102652,22.80,11.22
4112652,22.91,11.22
4122652,23.02,11.22
4132652,23.14,11.22
4142652,23.26,12.34
4152652,23.38,12.34
4162652,23.51,12.34
4172652,23.63,12.34
4182652,23.75,12.34
4192652,23.88,12.34
4202652,24.01,13.46
4212652,24.13,12.34
4222652,24.26,12.34
4232652,24.38,12.34
4242652,24.50,12.34
4252652,24.63,12.34
4262652,24.74,11.22
4272652,24.86,12.34
4282652,24.98,11.22
4292652,25.09,11.22
4302652,25.20,11.22
4312652,25.32,12.34
4322652,25.44,11.22
4332652,25.56,12.34
4342652,25.67,11.22
4352652,25.79,12.34
4362652,25.92,12.34
4372652,26.03,11.22
4382652,26.16,13.46
4392652,26.28,11.22
4402652,26.41,13.46
4412652,26.52,11.22
4422652,26.66,13.46
4432652,26.77,11.22
4442652,26.91,13.46
4452652,27.02,11.22
4462655,27.15,13.46
4472652,27.26,11.22
4482652,27.39,12.34
4492652,27.51,12.34
4502652,27.62,11.22
4512652,27.75,12.34
4522652,27.87,12.34
4532652,27.99,12.34
4542652,28.12,12.34
4552652,28.23,11.22
4562652,28.35,12.34
4572653,28.48,12.34
4582652,28.59,11.22
4592652,28.70,11.22
4602652,28.81,11.22
4612652,28.93,11.22
4622652,29.05,12.34
4632655,29.16,11.22
4642652,29.27,11.22
4652652,29.39,11.22
4662652,29.50,11.22
4672652,29.62,12.34
4682652,29.74,12.34
4692652,29.87,12.34
4702652,29.99,12.34
4712652,30.11,12.34
4722652,30.25,13.46
4732652,30.37,12.34
4742652,30.50,12.34
4752652,30.63,13.46
4762652,30.74,11.22
4772652,30.87,12.34
4782652,30.99,12.34
4792652,31.10,11.22
4802652,31.23,12.34
4812652,31.34,11.22
4822652,31.45,11.22
4832652,31.57,12.34
4842652,31.69,11.22
4852652,31.80,11.22
4862652,31.92,12.34
4872652,32.04,12.34
4882652,32.16,11.22
4892652,32.28,12.34
4902652,32.40,12.34
4912652,32.53,12.34
4922652,32.65,12.34
4932652,32.77,12.34
4942652,32.90,12.34
4952652,33.02,12.34
4962652,33.14,12.34
4972652,33.27,12.34
4982652,33.39,12.34
4992652,33.51,12.34
5002652,33.64,12.34
5012652,33.76,12.34
5022652,33.88,12.34
5032652,34.00,11.22
5042652,34.12,12.34
5052652,34.24,12.34
5062652,34.36,11.22
5072652,34.48,12.34
5082652,34.60,12.34
5092652,34.71,11.22
5102652,34.84,12.34
5112652,34.95,11.22
5122652,35.07,12.34
5132652,35.19,11.22
5142652,35.30,11.22
5152652,35.41,11.22
5162652,35.52,11.22
5172652,35.63,11.22
5182652,35.75,11.22
5192652,35.87,12.34
5202652,35.99,12.34
5212652,36.12,12.34
5222652,36.24,12.34
5232652,36.36,12.34
5242652,36.50,13.46
5252652,36.62,12.34
5262652,36.75,12.34
5272652,36.87,12.34
5282652,36.99,12.34
5292652,37.12,12.34
5302652,37.24,12.34
5312652,37.35,11.22
5322652,37.47,12.34
5332652,37.59,11.22
5342652,37.70,11.22
5352652,37.81,11.22
5362652,37.93,12.34
5372652,38.05,11.22
5382652,38.17,12.34
5392652,38.28,11.22
5402652,38.41,12.34
5412652,38.53,12.34
5422655,38.65,12.34
5432652,38.78,12.35
5442652,38.89,11.22
5452652,39.02,13.46
5462651,39.15,12.34
5472652,39.27,12.34
5482652,39.39,12.34
5492652,39.52,12.34
5502652,39.64,12.34
5512652,39.76,12.34
5522652,39.88,11.22
5532652,40.00,12.34
5542652,40.12,12.34
5552652,40.25,12.34
5562652,40.37,12.34
5572652,40.48,11.22
5582652,40.61,12.34
5592652,40.73,12.34
5602652,40.84,11.22
5612652,40.96,12.34
5622652,41.09,12.34
5632652,41.20,11.22
5642652,41.31,11.22
5652652,41.42,11.22
5662652,41.54,11.22
5672652,41.66,12.34
5682652,41.77,11.22
5692652,41.88,11.22
5702652,42.00,11.22
5712652,42.12,12.34
5722652,42.23,11.22
5732652,42.37,13.46
5742652,42.49,12.34
5752652,42.61,12.34
5762652,42.74,12.34
5772652,42.87,13.46
5782652,42.99,12.34
5792652,43.12,12.34
5802652,43.24,12.34
5812652,43.37,12.34
5822652,43.49,12.34
5832652,43.60,11.22
5842652,43.72,12.34
5852652,43.84,11.22
5862652,43.96,12.34
5872652,44.07,11.22
5882652,44.18,11.22
5892652,44.30,11.22
5902652,44.42,12.34
5912652,44.54,12.34
5922652,44.66,11.22
5932652,44.78,12.34
5942652,44.90,12.34
5952652,45.03,12.34
5962652,45.15,12.34
5972652,45.27,12.34
5982652,45.40,12.34
5992652,45.52,12.34
6002652,45.64,12.34
6012652,45.77,12.34
6022652,45.89,12.34
6032652,46.01,12.34
6042652,46.14,12.34
6052652,46.25,11.22
6062652,46.37,12.34
6072652,46.50,12.34
6082652,46.62,12.34
6092652,46.74,12.34
6102652,46.85,11.22
6112652,46.98,12.34
6122652,47.10,12.34
6132652,47.21,11.22
6142652,47.34,12.34
6152652,47.45,11.22
6162652,47.57,12.34
6172652,47.68,11.22
6182652,47.80,11.22
6192652,47.91,11.22
6202652,48.02,11.22
6212652,48.13,11.22
6222652,48.25,11.22
6232652,48.37,12.34
6242652,48.49,12.34
6252652,48.62,12.34
6262652,48.74,12.34
6272652,48.86,12.34
6282652,48.99,12.34
6292652,49.12,13.46
6302652,49.24,12.34
6312652,49.37,12.34
6322652,49.49,12.34
6332652,49.61,12.34
6342652,49.74,12.34
6352652,49.86,12.34
6362652,49.97,11.22
6372652,50.09,11.22
6382652,50.21,12.34
6392652,50.32,11.22
6402652,50.44,12.34
6412652,50.56,11.22
6422652,50.67,11.22
6432652,50.79,12.34
6442652,50.91,11.22
6452652,51.03,12.34
6462652,51.15,12.34
6472652,51.28,12.34
6482652,51.40,12.34
6492652,51.52,12.34
6502652,51.63,11.22
6512652,51.77,13.46
6522653,51.89,12.34
6532652,52.02,12.34
6542652,52.13,11.22
6552652,52.26,13.46
6562652,52.37,11.22
6572652,52.50,12.34
6582652,52.62,12.34
6592652,52.75,12.34
6602652,52.87,12.34
6612652,52.98,11.22
6622652,53.10,12.34
6632652,53.23,12.34
6642652,53.34,11.22
6652652,53.46,12.34
6662652,53.59,12.34
6672652,53.70,11.22
6682652,53.81,11.22
6692652,53.93,12.34
6702652,54.05,11.22
6712652,54.16,11.22
6722652,54.27,11.22
6732652,54.38,11.22
6742655,54.51,12.34
6752652,54.62,11.22
6762652,54.73,11.22
6772652,54.87,13.46
6782652,54.98,11.22
6792652,55.11,13.46
6802652,55.24,12.34
6812652,55.36,12.34
6822652,55.49,13.46
6832652,55.62,12.34
6842652,55.74,12.34
6852652,55.86,12.34
6862652,55.99,12.34
6872652,56.11,12.34
6882652,56.22,11.22
6892652,56.35,12.34
6902652,56.46,11.22
6912652,56.57,11.22
6922652,56.68,11.22
6932652,56.81,12.34
6942652,56.92,11.22
6952652,57.04,12.34
6962652,57.15,11.22
6972652,57.28,12.34
6982652,57.40,12.34
6992652,57.52,12.34
7002652,57.65,12.34
7012652,57.77,12.34
7022652,57.90,12.34
7032652,58.02,12.34
7042652,58.14,12.34
7052652,58.27,12.34
7062652,58.39,12.34
7072652,58.51,12.34
7082652,58.64,12.34
7092652,58.76,12.34
7102652,58.88,12.34
7112652,58.99,11.22
7122652,59.12,12.34
7132652,59.24,12.34
7142652,59.36,12.34
7152652,59.49,12.34
7162652,59.60,11.22
7172652,59.72,12.34
7182652,59.85,12.34
7192652,59.96,11.22
7202652,60.07,11.22
7212652,60.20,12.34
7222652,60.31,11.22
7232652,60.42,11.22
7242652,60.53,11.22
7252652,60.64,11.22
7262652,60.77,12.34
7272652,60.88,11.22
7282652,60.99,11.22
7292652,61.12,12.34
7302652,61.24,12.34
7312652,61.37,13.46
7322652,61.50,12.34
7332652,61.62,12.34
7342652,61.75,13.46
7352652,61.88,12.34
7362652,62.00,12.34
7372652,62.12,12.34
7382652,62.25,12.34
7392652,62.37,12.34
7402652,62.48,11.22
7412652,62.61,12.34
7422652,62.72,11.22
7432652,62.83,11.22
7442652,62.96,12.34
7452652,63.07,11.22
7462652,63.19,12.34
7472652,63.30,11.22
7482652,63.43,12.34
7492652,63.55,12.34
7502652,63.66,11.22
7512652,63.80,13.46
7522652,63.91,11.22
7532652,64.04,13.46
7542652,64.16,11.22
7552652,64.29,13.46
7562655,64.41,12.34
7572652,64.54,12.35
7582652,64.66,12.34
7592652,64.78,12.34
7602652,64.90,11.22
7612652,65.03,13.46
7622652,65.14,11.22
7632652,65.27,12.34
7642652,65.39,12.34
7652652,65.50,11.22
7662652,65.63,12.34
7672652,65.75,12.34
7682652,65.87,12.34
7692652,66.00,12.34
7702652,66.11,11.22
7712656,66.23,12.34
7722652,66.34,11.22
7732652,66.47,12.34
7742652,66.58,11.22
7752652,66.69,11.22
7762652,66.80,11.22
7772652,66.92,11.22
7782652,67.03,11.22
7792652,67.14,11.22
7802652,67.25,11.22
7812652,67.39,13.46
7822652,67.51,12.34
7832652,67.63,12.34
7842652,67.76,12.34
7852652,67.88,12.34
7862652,68.02,13.46
7872652,68.14,12.34
7882652,68.26,12.34
7892652,68.39,12.34
7902652,68.51,12.34
7912652,68.63,12.34
7922652,68.76,12.34
7932652,68.87,11.22
7942652,68.98,11.22
7952652,69.09,11.22
7962652,69.22,12.34
7972652,69.33,11.22
7982652,69.45,12.34
7992652,69.56,11.22
8002652,69.69,12.34
8012652,69.81,12.34
8022652,69.92,11.22
8032652,70.05,12.34
8042652,70.17,12.34
8052652,70.29,12.34
8062652,70.42,12.34
8072652,70.54,12.34
8082652,70.66,12.34
8092652,70.79,12.34
8102652,70.91,12.34
8112652,71.03,12.34
8122652,71.16,12.34
8132652,71.28,12.34
8142652,71.40,12.34
8152652,71.52,11.22
8162652,71.64,12.34
8172652,71.76,12.34
8182652,71.88,11.22
8192652,72.00,12.34
8202652,72.12,12.34
8212652,72.23,11.22
8222652,72.36,12.34
8232652,72.48,12.34
8242652,72.59,11.22
8252652,72.71,11.22
8262652,72.83,12.34
8272652,72.94,11.22
8282652,73.05,11.22
8292652,73.17,11.22
8302652,73.28,11.22
8312652,73.39,11.22
8322652,73.51,12.34
8332652,73.63,11.22
8342652,73.76,13.46
8352652,73.88,12.34
8362652,74.01,12.34
8372652,74.13,12.34
8382652,74.25,12.34
8392652,74.39,13.46
8402652,74.51,12.34
8412652,74.64,12.34
8422652,74.76,12.34
8432652,74.88,12.34
8442652,74.99,11.22
8452652,75.12,12.34
8462652,75.23,11.22
8472652,75.34,11.22
8482652,75.47,12.34
8492652,75.58,11.22
8502652,75.69,11.22
8512652,75.81,12.34
8522652,75.93,11.22
8532652,76.05,12.34
8542652,76.16,11.22
8552652,76.30,13.46
8562652,76.41,11.22
8572652,76.53,12.34
8582652,76.65,12.34
8592652,76.78,12.34
8602652,76.90,12.34
8612652,77.03,12.34
8622652,77.15,12.34
8632652,77.27,12.34
8642652,77.40,12.34
8652652,77.52,12.34
8662652,77.64,12.34
8672652,77.77,12.34
8682652,77.89,12.34
8692652,78.00,11.22
8702652,78.12,12.34
8712652,78.25,12.34
8722652,78.37,12.34
8732652,78.48,11.22
8742652,78.61,12.34
8752652,78.72,11.22
8762652,78.84,12.34
8772652,78.97,12.34
8782652,79.08,11.22
8792652,79.19,11.22
8802652,79.30,11.22
8812652,79.41,11.22
8822652,79.53,11.22
8832652,79.64,11.22
8842652,79.75,11.22
8852652,79.87,12.34
8862652,80.00,12.34
8872652,80.13,13.46
8882652,80.26,12.34
8892652,80.38,12.34
8902652,80.51,13.46
8912652,80.64,12.34
8922652,80.76,12.34
8932652,80.88,12.34
8942652,81.01,12.34
8952652,81.13,12.34
8962652,81.26,12.34
8972652,81.37,11.22
8982652,81.48,11.22
8992652,81.60,12.34
9002652,81.72,11.22
9012652,81.83,11.22
9022652,81.95,12.34
9032652,82.06,11.22
9042652,82.18,11.22
9052652,82.30,12.34
9062652,82.42,12.34
9072652,82.53,11.22
9082652,82.66,12.34
9092652,82.78,12.34
9102652,82.90,12.34
9112652,83.03,12.34
9122652,83.15,12.34
9132652,83.27,12.34
9142652,83.40,12.34
9152652,83.52,12.34
9162652,83.64,12.34
9172652,83.77,12.34
9182652,83.88,11.22
9192652,84.00,12.34
9202652,84.13,12.34
9212652,84.25,12.34
9222652,84.37,12.34
9232652,84.49,11.22
9242652,84.61,12.34
9252652,84.73,12.34
9262652,84.85,11.22
9272652,84.97,12.34
9282652,85.08,11.22
9292652,85.20,12.34
9302652,85.32,11.22
9312652,85.43,11.22
9322652,85.54,11.22
9332652,85.65,11.22
9342652,85.77,11.22
9352652,85.88,11.22
9362652,86.00,12.34
9372652,86.11,11.22
9382652,86.24,12.34
9392652,86.37,13.46
9402655,86.49,12.34
9412652,86.62,12.35
9422652,86.74,12.34
9432652,86.87,12.34
9442652,87.00,13.46
9452652,87.12,12.34
9462652,87.25,12.34
9472652,87.37,12.34
9482652,87.49,12.34
9492652,87.61,11.22
9502652,87.72,11.22
9512652,87.84,12.34
9522652,87.95,11.22
9532652,88.08,12.34
9542652,88.19,11.22
9552652,88.30,11.22
9562652,88.42,12.34
9572652,88.55,12.34
9582652,88.66,11.22
9592652,88.78,12.34
9602652,88.91,12.34
9612652,89.03,12.34
9622652,89.15,12.34
9632652,89.28,12.34
9642652,89.40,12.34
9652652,89.52,12.34
9662652,89.65,12.34
9672652,89.77,12.34
9682652,89.89,12.34
9692652,90.02,12.34
9702652,90.14,12.34
9712652,90.25,11.22
9722652,90.38,12.34
9732652,90.50,12.34
9742652,90.62,12.34
9752652,90.75,12.34
9762652,90.86,11.22
9772652,90.98,12.34
9782652,91.11,12.34
9792652,91.22,11.22
9802652,91.34,12.34
9812652,91.45,11.22
9822652,91.58,12.34
9832652,91.69,11.22
9842652,91.80,11.22
9852652,91.91,11.22
9862652,92.03,11.22
9872652,92.14,11.22
9882652,92.25,11.22
9892652,92.37,12.34
9902652,92.50,12.34
9912652,92.62,12.34
9922652,92.74,12.34
9932652,92.87,12.34
9942652,93.00,13.46
9952652,93.13,12.34
9962652,93.25,12.34
9972652,93.37,12.34
9982652,93.51,13.46
9992652,93.62,11.22
10002652,93.74,12.34
10012652,93.87,12.34
10022652,93.98,11.22
10032652,94.09,11.22
10042652,94.20,11.22
10052652,94.33,12.34
10062652,94.44,11.22
10072652,94.55,11.22
10082652,94.67,12.34
10092652,94.79,11.22
10102652,94.91,12.34
10112652,95.03,12.34
10122652,95.15,11.22
10132652,95.27,12.34
10142652,95.39,12.34
10152652,95.52,12.34
10162652,95.64,12.34
10172652,95.76,12.34
10182652,95.89,12.34
10192652,96.01,12.34
10202652,96.13,12.34
10212652,96.26,12.34
10222652,96.38,12.34
10232652,96.50,12.34
10242652,96.63,12.34
10252652,96.74,11.22
10262652,96.86,12.34
10272652,96.99,12.34
10282652,97.10,11.22
10292652,97.22,12.34
10302652,97.34,12.34
10312652,97.46,11.22
10322652,97.58,12.34
10332652,97.69,11.22
10342652,97.82,12.34
10352652,97.93,11.22
10362652,98.04,11.22
10372652,98.15,11.22
10382652,98.26,11.22
10392652,98.38,11.22
10402652,98.49,11.22
10412652,98.61,12.34
10422652,98.74,12.34
10432652,98.86,12.34
10442652,98.98,12.34
10452652,99.11,12.34
10462652,99.23,12.34
10472652,99.36,13.46
10482652,99.49,12.34
10492652,99.61,12.34
10502655,99.75,13.46
10512652,99.86,11.22
10522652,99.98,12.34
10532652,100.10,12.34
10542652,100.22,11.22
10552652,100.34,12.34
10562652,100.45,11.22
10572652,100.56,11.22
10582652,100.69,12.34
10592652,100.80,11.22
10602652,100.91,11.22
10612652,101.04,12.34
10622652,101.16,12.34
10632652,101.27,11.22
10642652,101.39,12.34
10652652,101.52,12.34
10662652,101.64,12.34
10672652,101.77,12.34
10682652,101.89,12.34
10692652,102.01,12.34
10702652,102.14,12.34
10712652,102.26,12.34
10722652,102.38,12.34
10732652,102.51,12.34
10742652,102.63,12.34
10752652,102.75,12.34
10762652,102.88,12.34
10772652,103.00,12.34
10782652,103.11,11.22
10792652,103.23,12.34
10802652,103.36,12.34
10812652,103.47,11.22
10822652,103.59,12.34
10832652,103.72,12.34
10842652,103.83,11.22
10852652,103.95,12.34
10862652,104.08,12.34
10872652,104.19,11.22
10882652,104.30,11.22
10892652,104.41,11.22
10902652,104.53,11.22
10912652,104.64,11.22
10922652,104.75,11.22
10932652,104.87,12.34
10942652,104.99,11.22
10952652,105.11,12.34
10962652,105.24,13.46
10972652,105.37,12.34
10982652,105.49,12.34
10992652,105.61,12.34
11002652,105.75,13.46
11012652,105.87,12.34
11022652,106.00,12.34
11032652,106.12,12.34
11042652,106.24,12.34
11052652,106.37,12.34
11062652,106.48,11.22
11072652,106.59,11.22
11082652,106.71,12.34
11092652,106.83,11.22
11102652,106.94,11.22
11112652,107.06,12.34
11122652,107.17,11.22
11132652,107.29,11.22
11142652,107.41,12.34
11152652,107.53,12.34
11162652,107.64,11.22
11172652,107.77,12.34
11182652,107.89,12.34
11192652,108.01,12.34
11202652,108.14,12.34
11212652,108.26,12.34
11222652,108.38,12.34
11232652,108.51,12.34
11242652,108.63,12.34
11252652,108.76,12.34
11262652,108.88,12.34
11272652,108.99,11.22
11282652,109.11,12.34
11292652,109.24,12.34
11302652,109.36,12.34
11312652,109.48,12.34
11322652,109.60,11.22
11332652,109.72,12.34
11342652,109.84,12.34
11352652,109.96,11.22
11362652,110.08,12.34
11372652,110.19,11.22
11382652,110.31,12.34
11392652,110.43,11.22
11402652,110.54,11.22
11412652,110.65,11.22
11422652,110.76,11.22
11432652,110.88,11.22
11442652,110.99,11.22
11452652,111.11,12.34
11462652,111.22,11.22
11472652,111.35,12.34
11482652,111.47,12.34
11492652,111.59,12.34
11502652,111.73,13.46
11512652,111.85,12.34
11522652,111.98,12.34
11532652,112.11,13.46
11542652,112.23,12.34
11552652,112.36,12.34
11562652,112.48,12.34
11572652,112.60,12.34
11582652,112.72,11.22
11592652,112.84,12.34
11602652,112.95,11.22
11612652,113.07,12.34
11622652,113.19,11.22
11632652,113.30,11.22
11642652,113.41,11.22
11652652,113.53,12.34
11662652,113.66,12.34
11672652,113.77,11.22
11682652,113.89,12.34
11692652,114.02,12.34
11702652,114.14,12.34
11712652,114.26,12.34
11722652,114.39,12.34
11732652,114.51,12.34
11742652,114.63,12.34
11752652,114.76,12.34
11762652,114.88,12.34
11772652,115.00,12.34
11782652,115.13,12.34
11792652,115.25,12.34
11802652,115.37,12.34
11812652,115.50,12.34
11822652,115.61,11.22
11832652,115.73,12.34
11842652,115.86,12.34
11852652,115.97,11.22
11862652,116.09,12.34
11872652,116.22,12.34
11882652,116.33,11.22
11892652,116.45,12.34
11902652,116.58,12.34
11912652,116.69,11.22
11922652,116.80,11.22
11932652,116.91,11.22
11942652,117.02,11.22
11952652,117.14,11.22
11962652,117.25,11.22
11972652,117.37,12.34
11982652,117.48,11.22
11992652,117.61,12.34
12002652,117.73,12.34
12012652,117.85,12.34
12022652,117.99,13.46
12032652,118.11,12.34
12042652,118.24,12.34
12052652,118.37,13.46
12062652,118.49,12.34
12072652,118.62,12.34
12082652,118.74,12.34
12092652,118.86,12.34
12102652,118.98,11.22
12112652,119.09,11.22
12122652,119.21,12.34
12132652,119.32,11.22
12142652,119.44,11.22
12152652,119.56,12.34
12162652,119.67,11.22
12172652,119.78,11.22
12182652,119.91,12.34
12192652,120.03,12.34
12202652,120.14,11.22
12212652,120.27,12.34
12222652,120.39,12.34
12232652,120.51,12.34
12242652,120.64,12.34
12252652,120.76,12.34
12262652,120.88,12.34
12272652,121.01,12.34
12282652,121.13,12.34
12292652,121.25,12.34
12302652,121.38,12.34
12312652,121.50,12.34
12322652,121.62,12.34
12332652,121.74,11.22
12342652,121.86,12.34
12352652,121.98,12.34
12362653,122.11,12.34
12372652,122.22,11.22
12382652,122.34,12.34
12392652,122.47,12.34
12402652,122.58,11.22
12412652,122.70,12.34
12422652,122.81,11.22
12432652,122.94,12.34
12442652,123.05,11.22
12452652,123.16,11.22
12462652,123.27,11.22
12472655,123.40,12.34
12482652,123.51,11.22
12492652,123.62,11.22
12502652,123.73,11.22
12512652,123.86,12.34
12522652,123.98,12.34
12532652,124.10,12.34
12542652,124.23,12.34
12552652,124.36,13.46
12562652,124.49,12.34
12572652,124.61,12.34
12582652,124.74,13.46
12592652,124.87,12.34
12602652,124.99,12.34
12612652,125.10,11.22
12622652,125.23,12.34
12632652,125.35,12.34
12642652,125.46,11.22
12652652,125.57,11.22
12662652,125.69,11.22
12672652,125.81,12.34
12682652,125.92,11.22
12692652,126.05,12.34
12702652,126.16,11.22
12712652,126.28,12.34
12722652,126.39,11.22
12732652,126.52,12.34
12742652,126.64,12.34
12752652,126.76,12.34
12762652,126.89,12.34
12772652,127.01,12.34
12782652,127.13,12.34
12792652,127.26,12.34
12802652,127.38,12.34
12812652,127.50,12.34
12822652,127.63,12.34
12832652,127.75,12.34
12842652,127.87,12.34
12852652,128.00,12.34
12862652,128.11,11.22
12872652,128.23,12.34
12882652,128.36,12.34
12892652,128.48,12.34
12902652,128.60,12.34
12912652,128.72,11.22
12922652,128.84,12.34
12932652,128.96,12.34
12942652,129.07,11.22
