time,angle,velocity,input
28.000000,0.000000,0.000000,210.000000
40.000000,0.020000,1.870000,201.000000
51.000000,0.060000,3.060000,187.500000
62.000000,0.120000,6.120000,160.500000
73.000000,0.190000,6.120000,133.500000
84.000000,0.270000,7.140000,102.000000
95.000000,0.340000,6.120000,75.000000
106.000000,0.400000,6.120000,48.000000
117.000000,0.470000,6.120000,21.000000
128.000000,0.540000,6.120000,-6.000000
139.000000,0.590000,5.100000,-28.500000
150.000000,0.650000,5.100000,-51.000000
161.000000,0.700000,4.080000,-69.000000
172.000000,0.740000,4.080000,-87.000000
183.000000,0.760000,2.040000,-96.000000
194.000000,0.790000,2.040000,-105.000000
205.000000,0.810000,2.040000,-114.000000
216.000000,0.810000,0.000000,-114.000000
227.000000,0.790000,-2.040000,-105.000000
238.000000,0.770000,-1.020000,-100.500000
249.000000,0.750000,-2.040000,-91.500000
260.000000,0.740000,-1.020000,-87.000000
271.000000,0.720000,-2.040000,-78.000000
282.000000,0.700000,-2.040000,-69.000000
293.000000,0.670000,-2.040000,-60.000000
304.000000,0.660000,-1.020000,-55.500000
315.000000,0.640000,-2.040000,-46.500000
326.000000,0.630000,-1.020000,-42.000000
337.000000,0.610000,-2.040000,-33.000000
348.000000,0.610000,0.000000,-33.000000
359.000000,0.610000,0.000000,-33.000000
370.000000,0.610000,0.000000,-33.000000
381.000000,0.590000,-1.020000,-28.500000
392.000000,0.590000,0.000000,-28.500000
403.000000,0.580000,-1.020000,-24.000000
414.000000,0.580000,0.000000,-24.000000
425.000000,0.580000,0.000000,-24.000000
436.000000,0.570000,-1.020000,-19.500000
447.000000,0.570000,0.000000,-19.500000
458.000000,0.570000,0.000000,-19.500000
469.000000,0.570000,0.000000,-19.500000
480.000000,0.570000,0.000000,-19.500000
491.000000,0.570000,0.000000,-19.500000
502.000000,0.570000,0.000000,-19.500000
513.000000,0.570000,0.000000,-19.500000
524.000000,0.570000,0.000000,-19.500000
535.000000,0.570000,0.000000,-19.500000
546.000000,0.570000,0.000000,-19.500000
557.000000,0.570000,0.000000,-19.500000
568.000000,0.570000,0.000000,-19.500000
579.000000,0.570000,0.000000,-19.500000
590.000000,0.570000,0.000000,-19.500000
601.000000,0.570000,0.000000,-19.500000
612.000000,0.570000,0.000000,-19.500000
623.000000,0.570000,0.000000,-19.500000
634.000000,0.570000,0.000000,-19.500000
645.000000,0.570000,0.000000,-19.500000
656.000000,0.570000,0.000000,-19.500000
667.000000,0.570000,0.000000,-19.500000
678.000000,0.570000,0.000000,-19.500000
689.000000,0.570000,0.000000,-19.500000
700.000000,0.570000,0.000000,-19.500000
711.000000,0.570000,0.000000,-19.500000
722.000000,0.570000,0.000000,-19.500000
733.000000,0.570000,0.000000,-19.500000
744.000000,0.570000,0.000000,-19.500000
755.000000,0.570000,0.000000,-19.500000
766.000000,0.570000,0.000000,-19.500000
777.000000,0.570000,0.000000,-19.500000
788.000000,0.570000,0.000000,-19.500000
799.000000,0.570000,0.000000,-19.500000
810.000000,0.570000,0.000000,-19.500000
821.000000,0.570000,0.000000,-19.500000
832.000000,0.570000,0.000000,-19.500000
843.000000,0.570000,0.000000,-19.500000
854.000000,0.570000,0.000000,-19.500000
865.000000,0.570000,0.000000,-19.500000
876.000000,0.570000,0.000000,-19.500000
887.000000,0.570000,0.000000,-19.500000
898.000000,0.570000,0.000000,-19.500000
909.000000,0.570000,0.000000,-19.500000
920.000000,0.570000,0.000000,-19.500000
931.000000,0.570000,0.000000,-19.500000
942.000000,0.570000,0.000000,-19.500000
953.000000,0.570000,0.000000,-19.500000
964.000000,0.570000,0.000000,-19.500000
975.000000,0.570000,0.000000,-19.500000
986.000000,0.570000,0.000000,-19.500000
997.000000,0.570000,0.000000,-19.500000
1008.000000,0.570000,0.000000,-19.500000
1019.000000,0.570000,0.000000,-19.500000
1030.000000,0.570000,0.000000,-19.500000
1041.000000,0.570000,0.000000,-19.500000
1052.000000,0.570000,0.000000,-19.500000
1063.000000,0.570000,0.000000,-19.500000
1074.000000,0.570000,0.000000,-19.500000
1085.000000,0.570000,0.000000,-19.500000
1096.000000,0.570000,0.000000,-19.500000
1107.000000,0.570000,0.000000,-19.500000
1118.000000,0.570000,0.000000,-19.500000
1129.000000,0.570000,0.000000,-19.500000
1140.000000,0.570000,0.000000,-19.500000
1151.000000,0.570000,0.000000,-19.500000
1162.000000,0.570000,0.000000,-19.500000
1173.000000,0.570000,0.000000,-19.500000
1184.000000,0.570000,0.000000,-19.500000
1195.000000,0.570000,0.000000,-19.500000
1206.000000,0.570000,0.000000,-19.500000
1217.000000,0.570000,0.000000,-19.500000
1228.000000,0.570000,0.000000,-19.500000
1239.000000,0.570000,0.000000,-19.500000
1250.000000,0.570000,0.000000,-19.500000
1261.000000,0.570000,0.000000,-19.500000
1272.000000,0.570000,0.000000,-19.500000
1283.000000,0.570000,0.000000,-19.500000
1294.000000,0.570000,0.000000,-19.500000
1305.000000,0.570000,0.000000,-19.500000
1316.000000,0.570000,0.000000,-19.500000
1327.000000,0.570000,0.000000,-19.500000
1338.000000,0.570000,0.000000,-19.500000
1349.000000,0.570000,0.000000,-19.500000
1360.000000,0.570000,0.000000,-19.500000
1371.000000,0.570000,0.000000,-19.500000
1382.000000,0.570000,0.000000,-19.500000
1393.000000,0.570000,0.000000,-19.500000
1404.000000,0.570000,0.000000,-19.500000
1415.000000,0.570000,0.000000,-19.500000
1426.000000,0.570000,0.000000,-19.500000
1437.000000,0.570000,0.000000,-19.500000
1448.000000,0.570000,0.000000,-19.500000
1459.000000,0.570000,0.000000,-19.500000
1470.000000,0.570000,0.000000,-19.500000
1481.000000,0.570000,0.000000,-19.500000
1492.000000,0.570000,0.000000,-19.500000
1503.000000,0.570000,0.000000,-19.500000
1514.000000,0.570000,0.000000,-19.500000
1525.000000,0.570000,0.000000,-19.500000
1536.000000,0.570000,0.000000,-19.500000
1547.000000,0.570000,0.000000,-19.500000
1558.000000,0.570000,0.000000,-19.500000
1569.000000,0.570000,0.000000,-19.500000
1580.000000,0.570000,0.000000,-19.500000
1591.000000,0.570000,0.000000,-19.500000
1602.000000,0.570000,0.000000,-19.500000
1613.000000,0.570000,0.000000,-19.500000
1624.000000,0.570000,0.000000,-19.500000
1635.000000,0.570000,0.000000,-19.500000
1646.000000,0.570000,0.000000,-19.500000
1657.000000,0.570000,0.000000,-19.500000
1668.000000,0.570000,0.000000,-19.500000
1679.000000,0.570000,0.000000,-19.500000
1690.000000,0.570000,0.000000,-19.500000
1701.000000,0.570000,0.000000,-19.500000
1712.000000,0.570000,0.000000,-19.500000
1723.000000,0.570000,0.000000,-19.500000
1734.000000,0.570000,0.000000,-19.500000
1745.000000,0.570000,0.000000,-19.500000
1756.000000,0.570000,0.000000,-19.500000
1767.000000,0.570000,0.000000,-19.500000
1778.000000,0.570000,0.000000,-19.500000
1789.000000,0.570000,0.000000,-19.500000
1800.000000,0.570000,0.000000,-19.500000
1811.000000,0.570000,0.000000,-19.500000
1822.000000,0.570000,0.000000,-19.500000
1833.000000,0.570000,0.000000,-19.500000
1844.000000,0.570000,0.000000,-19.500000
1855.000000,0.570000,0.000000,-19.500000
1866.000000,0.570000,0.000000,-19.500000
1877.000000,0.570000,0.000000,-19.500000
1888.000000,0.570000,0.000000,-19.500000
1899.000000,0.570000,0.000000,-19.500000
1910.000000,0.570000,0.000000,-19.500000
1921.000000,0.570000,0.000000,-19.500000
1932.000000,0.570000,0.000000,-19.500000
1943.000000,0.570000,0.000000,-19.500000
1954.000000,0.570000,0.000000,-19.500000
1965.000000,0.570000,0.000000,-19.500000
1976.000000,0.570000,0.000000,-19.500000
1987.000000,0.570000,0.000000,-19.500000
1998.000000,0.570000,0.000000,-19.500000
2009.000000,0.570000,0.000000,-19.500000
2020.000000,0.570000,0.000000,-19.500000
2031.000000,0.570000,0.000000,-19.500000
2042.000000,0.570000,0.000000,-19.500000
2053.000000,0.570000,0.000000,-19.500000
2064.000000,0.570000,0.000000,-19.500000
2075.000000,0.570000,0.000000,-19.500000
2086.000000,0.570000,0.000000,-19.500000
2097.000000,0.570000,0.000000,-19.500000
2108.000000,0.570000,0.000000,-19.500000
2119.000000,0.570000,0.000000,-19.500000
2130.000000,0.570000,0.000000,-19.500000
2141.000000,0.570000,0.000000,-19.500000
2152.000000,0.570000,0.000000,-19.500000
2163.000000,0.570000,0.000000,-19.500000
2174.000000,0.570000,0.000000,-19.500000
2185.000000,0.570000,0.000000,-19.500000
2196.000000,0.570000,0.000000,-19.500000
2207.000000,0.570000,0.000000,-19.500000
2218.000000,0.570000,0.000000,-19.500000
2229.000000,0.570000,0.000000,-19.500000
2240.000000,0.570000,0.000000,-19.500000
2251.000000,0.570000,0.000000,-19.500000
2262.000000,0.570000,0.000000,-19.500000
2273.000000,0.570000,0.000000,-19.500000
2284.000000,0.570000,0.000000,-19.500000
2295.000000,0.570000,0.000000,-19.500000
2306.000000,0.570000,0.000000,-19.500000
2317.000000,0.570000,0.000000,-19.500000
2328.000000,0.570000,0.000000,-19.500000
2339.000000,0.570000,0.000000,-19.500000
2350.000000,0.570000,0.000000,-19.500000
2361.000000,0.570000,0.000000,-19.500000
2372.000000,0.570000,0.000000,-19.500000
2383.000000,0.570000,0.000000,-19.500000
2394.000000,0.570000,0.000000,-19.500000
2405.000000,0.570000,0.000000,-19.500000
2416.000000,0.570000,0.000000,-19.500000
2427.000000,0.570000,0.000000,-19.500000
2438.000000,0.570000,0.000000,-19.500000
2449.000000,0.570000,0.000000,-19.500000
2460.000000,0.570000,0.000000,-19.500000
2471.000000,0.570000,0.000000,-19.500000
2482.000000,0.570000,0.000000,-19.500000
2493.000000,0.570000,0.000000,-19.500000
2504.000000,0.570000,0.000000,-19.500000
2515.000000,0.570000,0.000000,-19.500000
2526.000000,0.570000,0.000000,-19.500000
2537.000000,0.570000,0.000000,-19.500000
2548.000000,0.570000,0.000000,-19.500000
2559.000000,0.570000,0.000000,-19.500000
2570.000000,0.570000,0.000000,-19.500000
2581.000000,0.570000,0.000000,-19.500000
2592.000000,0.570000,0.000000,-19.500000
2603.000000,0.570000,0.000000,-19.500000
2614.000000,0.570000,0.000000,-19.500000
2625.000000,0.570000,0.000000,-19.500000
2636.000000,0.570000,0.000000,-19.500000
2647.000000,0.570000,0.000000,-19.500000
2658.000000,0.570000,0.000000,-19.500000
2669.000000,0.570000,0.000000,-19.500000
2680.000000,0.570000,0.000000,-19.500000
2691.000000,0.570000,0.000000,-19.500000
2702.000000,0.570000,0.000000,-19.500000
2713.000000,0.570000,0.000000,-19.500000
2724.000000,0.570000,0.000000,-19.500000
2735.000000,0.570000,0.000000,-19.500000
2746.000000,0.570000,0.000000,-19.500000
2757.000000,0.570000,0.000000,-19.500000
2768.000000,0.570000,0.000000,-19.500000
2779.000000,0.570000,0.000000,-19.500000
2790.000000,0.570000,0.000000,-19.500000
2801.000000,0.570000,0.000000,-19.500000
2812.000000,0.570000,0.000000,-19.500000
2823.000000,0.570000,0.000000,-19.500000
2834.000000,0.570000,0.000000,-19.500000
2845.000000,0.570000,0.000000,-19.500000
2856.000000,0.570000,0.000000,-19.500000
2867.000000,0.570000,0.000000,-19.500000
2878.000000,0.570000,0.000000,-19.500000
2889.000000,0.570000,0.000000,-19.500000
2900.000000,0.570000,0.000000,-19.500000
2911.000000,0.570000,0.000000,-19.500000
2922.000000,0.570000,0.000000,-19.500000
2933.000000,0.570000,0.000000,-19.500000
2944.000000,0.570000,0.000000,-19.500000
2955.000000,0.570000,0.000000,-19.500000
2966.000000,0.570000,0.000000,-19.500000
2977.000000,0.570000,0.000000,-19.500000
2988.000000,0.570000,0.000000,-19.500000
2999.000000,0.570000,0.000000,-19.500000
3010.000000,0.570000,0.000000,-19.500000
3021.000000,0.570000,0.000000,-19.500000
3032.000000,0.570000,0.000000,-19.500000
3043.000000,0.570000,0.000000,-19.500000
3054.000000,0.570000,0.000000,-19.500000
3065.000000,0.570000,0.000000,-19.500000
3076.000000,0.570000,0.000000,-19.500000
3087.000000,0.570000,0.000000,-19.500000
3098.000000,0.570000,0.000000,-19.500000
3109.000000,0.570000,0.000000,-19.500000
3120.000000,0.570000,0.000000,-19.500000
3131.000000,0.570000,0.000000,-19.500000
3142.000000,0.570000,0.000000,-19.500000
3153.000000,0.570000,0.000000,-19.500000
3164.000000,0.570000,0.000000,-19.500000
3175.000000,0.570000,0.000000,-19.500000
3186.000000,0.570000,0.000000,-19.500000
3197.000000,0.570000,0.000000,-19.500000
3208.000000,0.570000,0.000000,-19.500000
3219.000000,0.570000,0.000000,-19.500000
3230.000000,0.570000,0.000000,-19.500000
3241.000000,0.570000,0.000000,-19.500000
3252.000000,0.570000,0.000000,-19.500000
3263.000000,0.570000,0.000000,-19.500000
3274.000000,0.570000,0.000000,-19.500000
3285.000000,0.570000,0.000000,-19.500000
3296.000000,0.570000,0.000000,-19.500000
3307.000000,0.570000,0.000000,-19.500000
3318.000000,0.570000,0.000000,-19.500000
3329.000000,0.570000,0.000000,-19.500000
3340.000000,0.570000,0.000000,-19.500000
3351.000000,0.570000,0.000000,-19.500000
3362.000000,0.570000,0.000000,-19.500000
3373.000000,0.570000,0.000000,-19.500000
3384.000000,0.570000,0.000000,46.000000
